1 0.503750 0.577500 0.832500 0.577500 0.832500 0.767500 0.503750 0.767500
1 0.336250 0.267500 0.545000 0.267500 0.545000 0.826250 0.336250 0.826250
1 0.000000 0.606250 0.296250 0.606250 0.296250 0.668750 0.000000 0.668750
1 0.000000 0.676250 0.313750 0.676250 0.313750 0.753750 0.000000 0.753750
1 0.025000 0.491250 0.338750 0.491250 0.338750 0.568750 0.025000 0.568750
1 0.140000 0.156250 0.428750 0.156250 0.428750 0.266250 0.140000 0.266250
1 0.138750 0.098750 0.467500 0.098750 0.467500 0.205000 0.138750 0.205000
1 0.551250 0.795000 0.898750 0.795000 0.898750 0.982500 0.551250 0.982500
1 0.508750 0.861250 0.730000 0.861250 0.730000 0.998750 0.508750 0.998750
1 0.000000 0.876250 0.373750 0.876250 0.373750 0.962500 0.000000 0.962500
1 0.297500 0.963750 0.358750 0.963750 0.358750 0.998750 0.297500 0.998750
1 0.068750 0.275000 0.390000 0.275000 0.390000 0.391250 0.068750 0.391250
1 0.043750 0.373750 0.361250 0.373750 0.361250 0.487500 0.043750 0.487500
1 0.187500 0.026250 0.467500 0.026250 0.467500 0.068750 0.187500 0.068750
