1 0.278750 0.055000 0.323750 0.055000 0.323750 0.110000 0.278750 0.110000
1 0.308750 0.032500 0.345000 0.032500 0.345000 0.101250 0.308750 0.101250
1 0.331250 0.028750 0.357500 0.028750 0.357500 0.081250 0.331250 0.081250
1 0.367500 0.017500 0.402500 0.017500 0.402500 0.091250 0.367500 0.091250
1 0.427500 0.043750 0.460000 0.043750 0.460000 0.100000 0.427500 0.100000
1 0.437500 0.070000 0.487500 0.070000 0.487500 0.127500 0.437500 0.127500
1 0.462500 0.133750 0.528750 0.133750 0.528750 0.155000 0.462500 0.155000
1 0.453750 0.182500 0.530000 0.182500 0.530000 0.225000 0.453750 0.225000
1 0.416250 0.235000 0.472500 0.235000 0.472500 0.287500 0.416250 0.287500
1 0.347500 0.271250 0.420000 0.271250 0.420000 0.313750 0.347500 0.313750
1 0.242500 0.098750 0.306250 0.098750 0.306250 0.168750 0.242500 0.168750
1 0.201250 0.188750 0.272500 0.188750 0.272500 0.247500 0.201250 0.247500
1 0.200000 0.240000 0.250000 0.240000 0.250000 0.307500 0.200000 0.307500
1 0.242500 0.333750 0.328750 0.333750 0.328750 0.422500 0.242500 0.422500
1 0.078750 0.382500 0.158750 0.382500 0.158750 0.437500 0.078750 0.437500
1 0.220000 0.551250 0.302500 0.551250 0.302500 0.668750 0.220000 0.668750
1 0.282500 0.705000 0.400000 0.705000 0.400000 0.780000 0.282500 0.780000
1 0.425000 0.761250 0.593750 0.761250 0.593750 0.836250 0.425000 0.836250
1 0.602500 0.727500 0.678750 0.727500 0.678750 0.773750 0.602500 0.773750
1 0.732500 0.647500 0.780000 0.647500 0.780000 0.713750 0.732500 0.713750
1 0.783750 0.616250 0.806250 0.616250 0.806250 0.668750 0.783750 0.668750
1 0.830000 0.611250 0.848750 0.611250 0.848750 0.662500 0.830000 0.662500
1 0.840000 0.615000 0.873750 0.615000 0.873750 0.685000 0.840000 0.685000
1 0.883750 0.682500 0.950000 0.682500 0.950000 0.707500 0.883750 0.707500
1 0.895000 0.715000 0.955000 0.715000 0.955000 0.731250 0.895000 0.731250
1 0.898750 0.751250 0.953750 0.751250 0.953750 0.768750 0.898750 0.768750
1 0.858750 0.773750 0.923750 0.773750 0.923750 0.836250 0.858750 0.836250
1 0.795000 0.808750 0.835000 0.808750 0.835000 0.875000 0.795000 0.875000
1 0.676250 0.860000 0.741250 0.860000 0.741250 0.927500 0.676250 0.927500
1 0.572500 0.923750 0.648750 0.923750 0.648750 0.981250 0.572500 0.981250
0 0.797500 0.353750 0.812500 0.353750 0.812500 0.371250 0.797500 0.371250
0 0.823750 0.350000 0.836250 0.350000 0.836250 0.360000 0.823750 0.360000
0 0.923750 0.431250 0.932500 0.431250 0.932500 0.443750 0.923750 0.443750
