2 0.313750 0.011250 0.353750 0.011250 0.353750 0.081250 0.313750 0.081250
2 0.225000 0.130000 0.266250 0.130000 0.266250 0.191250 0.225000 0.191250
2 0.308750 0.410000 0.350000 0.410000 0.350000 0.473750 0.308750 0.473750
2 0.440000 0.725000 0.470000 0.725000 0.470000 0.781250 0.440000 0.781250
2 0.302500 0.843750 0.343750 0.843750 0.343750 0.902500 0.302500 0.902500
2 0.008750 0.821250 0.047500 0.821250 0.047500 0.892500 0.008750 0.892500
2 0.520000 0.195000 0.553750 0.195000 0.553750 0.252500 0.520000 0.252500
2 0.755000 0.593750 0.782500 0.593750 0.782500 0.641250 0.755000 0.641250
2 0.942500 0.571250 0.991250 0.571250 0.991250 0.627500 0.942500 0.627500
2 0.212500 0.560000 0.231250 0.560000 0.231250 0.598750 0.212500 0.598750
