1 0.398750 0.212500 0.466250 0.212500 0.466250 0.262500 0.398750 0.262500
1 0.471250 0.145000 0.510000 0.145000 0.510000 0.221250 0.471250 0.221250
1 0.517500 0.137500 0.553750 0.137500 0.553750 0.236250 0.517500 0.236250
1 0.586250 0.145000 0.655000 0.145000 0.655000 0.278750 0.586250 0.278750
1 0.567500 0.313750 0.640000 0.313750 0.640000 0.348750 0.567500 0.348750
1 0.552500 0.371250 0.658750 0.371250 0.658750 0.396250 0.552500 0.396250
1 0.357500 0.341250 0.481250 0.341250 0.481250 0.397500 0.357500 0.397500
1 0.562500 0.406250 0.633750 0.406250 0.633750 0.468750 0.562500 0.468750
1 0.358750 0.435000 0.466250 0.435000 0.466250 0.465000 0.358750 0.465000
1 0.356250 0.478750 0.467500 0.478750 0.467500 0.621250 0.356250 0.621250
1 0.573750 0.492500 0.623750 0.492500 0.623750 0.552500 0.573750 0.552500
1 0.553750 0.558750 0.620000 0.558750 0.620000 0.618750 0.553750 0.618750
1 0.566250 0.641250 0.630000 0.641250 0.630000 0.710000 0.566250 0.710000
1 0.380000 0.643750 0.486250 0.643750 0.486250 0.781250 0.380000 0.781250
1 0.358750 0.826250 0.558750 0.826250 0.558750 0.967500 0.358750 0.967500
1 0.582500 0.762500 0.676250 0.762500 0.676250 0.886250 0.582500 0.886250
1 0.710000 0.863750 0.825000 0.863750 0.825000 0.957500 0.710000 0.957500
