1 0.173750 0.131250 0.261250 0.131250 0.261250 0.450000 0.173750 0.450000
1 0.175000 0.453750 0.268750 0.453750 0.268750 0.662500 0.175000 0.662500
1 0.383750 0.123750 0.512500 0.123750 0.512500 0.445000 0.383750 0.445000
1 0.387500 0.447500 0.510000 0.447500 0.510000 0.672500 0.387500 0.672500
1 0.177500 0.751250 0.670000 0.751250 0.670000 0.786250 0.177500 0.786250
1 0.600000 0.076250 0.711250 0.076250 0.711250 0.446250 0.600000 0.446250
1 0.587500 0.451250 0.693750 0.451250 0.693750 0.672500 0.587500 0.672500
1 0.770000 0.061250 0.856250 0.061250 0.856250 0.446250 0.770000 0.446250
1 0.463750 0.866250 0.585000 0.866250 0.585000 0.953750 0.463750 0.953750
1 0.660000 0.732500 0.678750 0.732500 0.678750 0.752500 0.660000 0.752500
1 0.695000 0.682500 0.710000 0.682500 0.710000 0.702500 0.695000 0.702500
1 0.740000 0.617500 0.753750 0.617500 0.753750 0.633750 0.740000 0.633750
1 0.756250 0.583750 0.765000 0.583750 0.765000 0.601250 0.756250 0.601250
1 0.766250 0.535000 0.788750 0.535000 0.788750 0.561250 0.766250 0.561250
1 0.796250 0.500000 0.812500 0.500000 0.812500 0.518750 0.796250 0.518750
1 0.903750 0.077500 0.980000 0.077500 0.980000 0.317500 0.903750 0.317500
