1 0.461250 0.601250 0.878750 0.601250 0.878750 0.698750 0.461250 0.698750
1 0.905000 0.328750 0.987500 0.328750 0.987500 0.703750 0.905000 0.703750
1 0.940000 0.752500 0.966250 0.752500 0.966250 0.798750 0.940000 0.798750
1 0.905000 0.752500 0.921250 0.752500 0.921250 0.790000 0.905000 0.790000
1 0.618750 0.732500 0.651250 0.732500 0.651250 0.783750 0.618750 0.783750
1 0.675000 0.747500 0.688750 0.747500 0.688750 0.782500 0.675000 0.782500
1 0.373750 0.730000 0.386250 0.730000 0.386250 0.761250 0.373750 0.761250
1 0.256250 0.723750 0.271250 0.723750 0.271250 0.755000 0.256250 0.755000
1 0.438750 0.438750 0.882500 0.438750 0.882500 0.561250 0.438750 0.561250
1 0.036250 0.405000 0.400000 0.405000 0.400000 0.540000 0.036250 0.540000
1 0.165000 0.583750 0.178750 0.583750 0.178750 0.621250 0.165000 0.621250
1 0.012500 0.565000 0.403750 0.565000 0.403750 0.668750 0.012500 0.668750
1 0.083750 0.696250 0.098750 0.696250 0.098750 0.726250 0.083750 0.726250
1 0.391250 0.301250 0.422500 0.301250 0.422500 0.387500 0.391250 0.387500
1 0.447500 0.301250 0.467500 0.301250 0.467500 0.351250 0.447500 0.351250
1 0.557500 0.298750 0.591250 0.298750 0.591250 0.365000 0.557500 0.365000
1 0.618750 0.297500 0.642500 0.297500 0.642500 0.365000 0.618750 0.365000
1 0.671250 0.288750 0.695000 0.288750 0.695000 0.342500 0.671250 0.342500
1 0.725000 0.287500 0.746250 0.287500 0.746250 0.341250 0.725000 0.341250
1 0.763750 0.278750 0.796250 0.278750 0.796250 0.355000 0.763750 0.355000
1 0.821250 0.275000 0.837500 0.275000 0.837500 0.318750 0.821250 0.318750
1 0.876250 0.270000 0.896250 0.270000 0.896250 0.320000 0.876250 0.320000
1 0.003750 0.686250 0.203750 0.686250 0.203750 0.745000 0.003750 0.745000
1 0.206250 0.717500 0.642500 0.717500 0.642500 0.788750 0.206250 0.788750
1 0.638750 0.740000 0.978750 0.740000 0.978750 0.811250 0.638750 0.811250
1 0.282500 0.261250 0.956250 0.261250 0.956250 0.392500 0.282500 0.392500
