1 0.258750 0.135000 0.333750 0.135000 0.333750 0.236250 0.258750 0.236250
1 0.293750 0.163750 0.361250 0.163750 0.361250 0.256250 0.293750 0.256250
1 0.170000 0.176250 0.377500 0.176250 0.377500 0.486250 0.170000 0.486250
1 0.415000 0.251250 0.655000 0.251250 0.655000 0.402500 0.415000 0.402500
1 0.350000 0.320000 0.588750 0.320000 0.588750 0.518750 0.350000 0.518750
1 0.246250 0.447500 0.526250 0.447500 0.526250 0.663750 0.246250 0.663750
1 0.146250 0.563750 0.443750 0.563750 0.443750 0.807500 0.146250 0.807500
1 0.027500 0.707500 0.341250 0.707500 0.341250 0.972500 0.027500 0.972500
1 0.873750 0.611250 0.963750 0.611250 0.963750 0.737500 0.873750 0.737500
1 0.617500 0.428750 0.915000 0.428750 0.915000 0.615000 0.617500 0.615000
1 0.527500 0.501250 0.833750 0.501250 0.833750 0.771250 0.527500 0.771250
1 0.402500 0.690000 0.748750 0.690000 0.748750 0.965000 0.402500 0.965000
0 0.526250 0.185000 0.543750 0.185000 0.543750 0.197500 0.526250 0.197500
0 0.703750 0.263750 0.712500 0.263750 0.712500 0.272500 0.703750 0.272500
0 0.680000 0.242500 0.691250 0.242500 0.691250 0.253750 0.680000 0.253750
