0 0.343750 0.711250 0.362500 0.711250 0.362500 0.731250 0.343750 0.731250
0 0.147500 0.583750 0.173750 0.583750 0.173750 0.602500 0.147500 0.602500
0 0.358750 0.717500 0.382500 0.717500 0.382500 0.740000 0.358750 0.740000
0 0.370000 0.727500 0.395000 0.727500 0.395000 0.747500 0.370000 0.747500
0 0.386250 0.735000 0.411250 0.735000 0.411250 0.757500 0.386250 0.757500
0 0.506250 0.707500 0.536250 0.707500 0.536250 0.728750 0.506250 0.728750
0 0.493750 0.735000 0.517500 0.735000 0.517500 0.751250 0.493750 0.751250
0 0.478750 0.746250 0.506250 0.746250 0.506250 0.763750 0.478750 0.763750
0 0.472500 0.757500 0.497500 0.757500 0.497500 0.775000 0.472500 0.775000
0 0.463750 0.770000 0.491250 0.770000 0.491250 0.787500 0.463750 0.787500
0 0.455000 0.783750 0.480000 0.783750 0.480000 0.797500 0.455000 0.797500
0 0.443750 0.791250 0.471250 0.791250 0.471250 0.807500 0.443750 0.807500
0 0.436250 0.806250 0.466250 0.806250 0.466250 0.825000 0.436250 0.825000
0 0.418750 0.826250 0.447500 0.826250 0.447500 0.845000 0.418750 0.845000
0 0.398750 0.850000 0.420000 0.850000 0.420000 0.866250 0.398750 0.866250
0 0.101250 0.868750 0.122500 0.868750 0.122500 0.891250 0.101250 0.891250
0 0.126250 0.881250 0.148750 0.881250 0.148750 0.905000 0.126250 0.905000
0 0.147500 0.892500 0.177500 0.892500 0.177500 0.925000 0.147500 0.925000
0 0.165000 0.903750 0.186250 0.903750 0.186250 0.931250 0.165000 0.931250
0 0.177500 0.915000 0.200000 0.915000 0.200000 0.935000 0.177500 0.935000
0 0.190000 0.925000 0.212500 0.925000 0.212500 0.946250 0.190000 0.946250
0 0.216250 0.932500 0.240000 0.932500 0.240000 0.956250 0.216250 0.956250
0 0.237500 0.938750 0.256250 0.938750 0.256250 0.958750 0.237500 0.958750
0 0.260000 0.948750 0.281250 0.948750 0.281250 0.975000 0.260000 0.975000
0 0.300000 0.975000 0.323750 0.975000 0.323750 0.995000 0.300000 0.995000
0 0.341250 0.907500 0.375000 0.907500 0.375000 0.932500 0.341250 0.932500
0 0.352500 0.895000 0.381250 0.895000 0.381250 0.911250 0.352500 0.911250
0 0.545000 0.787500 0.573750 0.787500 0.573750 0.807500 0.545000 0.807500
0 0.536250 0.797500 0.562500 0.797500 0.562500 0.817500 0.536250 0.817500
0 0.530000 0.811250 0.553750 0.811250 0.553750 0.828750 0.530000 0.828750
0 0.518750 0.820000 0.547500 0.820000 0.547500 0.841250 0.518750 0.841250
0 0.506250 0.828750 0.536250 0.828750 0.536250 0.850000 0.506250 0.850000
0 0.493750 0.855000 0.521250 0.855000 0.521250 0.875000 0.493750 0.875000
0 0.483750 0.868750 0.512500 0.868750 0.512500 0.888750 0.483750 0.888750
0 0.447500 0.916250 0.478750 0.916250 0.478750 0.937500 0.447500 0.937500
0 0.428750 0.942500 0.458750 0.942500 0.458750 0.961250 0.428750 0.961250
0 0.418750 0.957500 0.447500 0.957500 0.447500 0.973750 0.418750 0.973750
0 0.623750 0.695000 0.641250 0.695000 0.641250 0.723750 0.623750 0.723750
0 0.632500 0.806250 0.662500 0.806250 0.662500 0.826250 0.632500 0.826250
0 0.656250 0.711250 0.671250 0.711250 0.671250 0.733750 0.656250 0.733750
0 0.673750 0.718750 0.686250 0.718750 0.686250 0.745000 0.673750 0.745000
0 0.691250 0.727500 0.703750 0.727500 0.703750 0.751250 0.691250 0.751250
0 0.705000 0.737500 0.721250 0.737500 0.721250 0.761250 0.705000 0.761250
0 0.721250 0.742500 0.736250 0.742500 0.736250 0.772500 0.721250 0.772500
0 0.868750 0.961250 0.885000 0.961250 0.885000 0.987500 0.868750 0.987500
0 0.938750 0.978750 0.951250 0.978750 0.951250 0.998750 0.938750 0.998750
0 0.861250 0.817500 0.875000 0.817500 0.875000 0.845000 0.861250 0.845000
0 0.860000 0.787500 0.875000 0.787500 0.875000 0.812500 0.860000 0.812500
0 0.860000 0.755000 0.872500 0.755000 0.872500 0.782500 0.860000 0.782500
0 0.858750 0.727500 0.871250 0.727500 0.871250 0.753750 0.858750 0.753750
0 0.855000 0.695000 0.871250 0.695000 0.871250 0.721250 0.855000 0.721250
0 0.855000 0.658750 0.868750 0.658750 0.868750 0.683750 0.855000 0.683750
0 0.858750 0.623750 0.868750 0.623750 0.868750 0.650000 0.858750 0.650000
0 0.858750 0.597500 0.871250 0.597500 0.871250 0.622500 0.858750 0.622500
0 0.860000 0.568750 0.877500 0.568750 0.877500 0.596250 0.860000 0.596250
0 0.865000 0.540000 0.880000 0.540000 0.880000 0.568750 0.865000 0.568750
0 0.925000 0.555000 0.942500 0.555000 0.942500 0.585000 0.925000 0.585000
0 0.921250 0.585000 0.938750 0.585000 0.938750 0.613750 0.921250 0.613750
0 0.920000 0.617500 0.935000 0.617500 0.935000 0.645000 0.920000 0.645000
0 0.921250 0.647500 0.937500 0.647500 0.937500 0.676250 0.921250 0.676250
0 0.922500 0.681250 0.938750 0.681250 0.938750 0.707500 0.922500 0.707500
0 0.925000 0.710000 0.938750 0.710000 0.938750 0.737500 0.925000 0.737500
0 0.927500 0.747500 0.945000 0.747500 0.945000 0.772500 0.927500 0.772500
0 0.926250 0.783750 0.943750 0.783750 0.943750 0.811250 0.926250 0.811250
0 0.931250 0.811250 0.945000 0.811250 0.945000 0.837500 0.931250 0.837500
0 0.933750 0.842500 0.946250 0.842500 0.946250 0.866250 0.933750 0.866250
0 0.961250 0.550000 0.998750 0.550000 0.998750 0.563750 0.961250 0.563750
0 0.963750 0.561250 0.998750 0.561250 0.998750 0.578750 0.963750 0.578750
0 0.963750 0.577500 0.998750 0.577500 0.998750 0.592500 0.963750 0.592500
0 0.965000 0.603750 0.993750 0.603750 0.993750 0.615000 0.965000 0.615000
0 0.967500 0.623750 0.998750 0.623750 0.998750 0.637500 0.967500 0.637500
0 0.968750 0.637500 0.995000 0.637500 0.995000 0.650000 0.968750 0.650000
0 0.965000 0.662500 0.998750 0.662500 0.998750 0.676250 0.965000 0.676250
0 0.962500 0.691250 0.993750 0.691250 0.993750 0.701250 0.962500 0.701250
0 0.962500 0.705000 0.992500 0.705000 0.992500 0.718750 0.962500 0.718750
0 0.968750 0.723750 0.998750 0.723750 0.998750 0.736250 0.968750 0.736250
0 0.972500 0.736250 0.998750 0.736250 0.998750 0.748750 0.972500 0.748750
0 0.972500 0.748750 0.998750 0.748750 0.998750 0.760000 0.972500 0.760000
0 0.973750 0.761250 0.998750 0.761250 0.998750 0.775000 0.973750 0.775000
0 0.973750 0.775000 0.998750 0.775000 0.998750 0.785000 0.973750 0.785000
0 0.973750 0.785000 0.998750 0.785000 0.998750 0.797500 0.973750 0.797500
0 0.975000 0.807500 0.998750 0.807500 0.998750 0.821250 0.975000 0.821250
0 0.973750 0.821250 0.998750 0.821250 0.998750 0.835000 0.973750 0.835000
0 0.973750 0.831250 0.998750 0.831250 0.998750 0.845000 0.973750 0.845000
0 0.973750 0.845000 0.998750 0.845000 0.998750 0.860000 0.973750 0.860000
0 0.975000 0.860000 0.998750 0.860000 0.998750 0.873750 0.975000 0.873750
0 0.961250 0.308750 0.985000 0.308750 0.985000 0.336250 0.961250 0.336250
0 0.981250 0.281250 0.998750 0.281250 0.998750 0.305000 0.981250 0.305000
0 0.937500 0.340000 0.963750 0.340000 0.963750 0.375000 0.937500 0.375000
0 0.918750 0.383750 0.940000 0.383750 0.940000 0.411250 0.918750 0.411250
0 0.902500 0.411250 0.926250 0.411250 0.926250 0.437500 0.902500 0.437500
0 0.888750 0.442500 0.908750 0.442500 0.908750 0.476250 0.888750 0.476250
0 0.873750 0.477500 0.898750 0.477500 0.898750 0.502500 0.873750 0.502500
0 0.868750 0.508750 0.886250 0.508750 0.886250 0.533750 0.868750 0.533750
0 0.831250 0.491250 0.866250 0.491250 0.866250 0.507500 0.831250 0.507500
0 0.968750 0.416250 0.991250 0.416250 0.991250 0.441250 0.968750 0.441250
0 0.955000 0.446250 0.976250 0.446250 0.976250 0.470000 0.955000 0.470000
