1 0.001250 0.356250 0.100000 0.356250 0.100000 0.953750 0.001250 0.953750
0 0.018750 0.950000 0.025000 0.950000 0.025000 0.961250 0.018750 0.961250
1 0.095000 0.276250 0.193750 0.276250 0.193750 0.511250 0.095000 0.511250
1 0.210000 0.270000 0.291250 0.270000 0.291250 0.518750 0.210000 0.518750
1 0.300000 0.253750 0.377500 0.253750 0.377500 0.510000 0.300000 0.510000
1 0.391250 0.202500 0.470000 0.202500 0.470000 0.500000 0.391250 0.500000
1 0.487500 0.235000 0.576250 0.235000 0.576250 0.483750 0.487500 0.483750
1 0.607500 0.187500 0.706250 0.187500 0.706250 0.470000 0.607500 0.470000
1 0.742500 0.208750 0.838750 0.208750 0.838750 0.433750 0.742500 0.433750
1 0.871250 0.157500 0.998750 0.157500 0.998750 0.715000 0.871250 0.715000
1 0.215000 0.676250 0.311250 0.676250 0.311250 0.898750 0.215000 0.898750
1 0.272500 0.612500 0.400000 0.612500 0.400000 0.930000 0.272500 0.930000
1 0.367500 0.588750 0.496250 0.588750 0.496250 0.843750 0.367500 0.843750
1 0.476250 0.576250 0.602500 0.576250 0.602500 0.867500 0.476250 0.867500
1 0.602500 0.526250 0.728750 0.526250 0.728750 0.790000 0.602500 0.790000
1 0.728750 0.493750 0.855000 0.493750 0.855000 0.757500 0.728750 0.757500
