2 0.448750 0.421250 0.757500 0.421250 0.757500 0.931250 0.448750 0.931250
0 0.352500 0.475000 0.362500 0.475000 0.362500 0.491250 0.352500 0.491250
0 0.388750 0.466250 0.401250 0.466250 0.401250 0.473750 0.388750 0.473750
0 0.368750 0.470000 0.378750 0.470000 0.378750 0.487500 0.368750 0.487500
0 0.321250 0.485000 0.330000 0.485000 0.330000 0.500000 0.321250 0.500000
0 0.362500 0.505000 0.376250 0.505000 0.376250 0.515000 0.362500 0.515000
0 0.252500 0.532500 0.265000 0.532500 0.265000 0.540000 0.252500 0.540000
0 0.318750 0.517500 0.331250 0.517500 0.331250 0.525000 0.318750 0.525000
0 0.292500 0.517500 0.305000 0.517500 0.305000 0.523750 0.292500 0.523750
0 0.298750 0.490000 0.307500 0.490000 0.307500 0.502500 0.298750 0.502500
0 0.281250 0.493750 0.290000 0.493750 0.290000 0.508750 0.281250 0.508750
0 0.272500 0.498750 0.282500 0.498750 0.282500 0.511250 0.272500 0.511250
0 0.265000 0.498750 0.273750 0.498750 0.273750 0.512500 0.265000 0.512500
0 0.256250 0.501250 0.263750 0.501250 0.263750 0.515000 0.256250 0.515000
0 0.246250 0.502500 0.257500 0.502500 0.257500 0.518750 0.246250 0.518750
0 0.240000 0.507500 0.248750 0.507500 0.248750 0.521250 0.240000 0.521250
0 0.203750 0.792500 0.217500 0.792500 0.217500 0.802500 0.203750 0.802500
0 0.255000 0.825000 0.265000 0.825000 0.265000 0.841250 0.255000 0.841250
0 0.272500 0.822500 0.280000 0.822500 0.280000 0.836250 0.272500 0.836250
0 0.223750 0.832500 0.233750 0.832500 0.233750 0.846250 0.223750 0.846250
0 0.283750 0.822500 0.291250 0.822500 0.291250 0.838750 0.283750 0.838750
0 0.195000 0.867500 0.201250 0.867500 0.201250 0.882500 0.195000 0.882500
0 0.230000 0.868750 0.237500 0.868750 0.237500 0.882500 0.230000 0.882500
0 0.271250 0.861250 0.280000 0.861250 0.280000 0.873750 0.271250 0.873750
0 0.135000 0.912500 0.145000 0.912500 0.145000 0.930000 0.135000 0.930000
0 0.145000 0.910000 0.152500 0.910000 0.152500 0.928750 0.145000 0.928750
0 0.152500 0.907500 0.161250 0.907500 0.161250 0.922500 0.152500 0.922500
0 0.163750 0.907500 0.173750 0.907500 0.173750 0.926250 0.163750 0.926250
0 0.937500 0.750000 0.946250 0.750000 0.946250 0.766250 0.937500 0.766250
0 0.982500 0.902500 0.991250 0.902500 0.991250 0.917500 0.982500 0.917500
0 0.933750 0.801250 0.942500 0.801250 0.942500 0.816250 0.933750 0.816250
0 0.956250 0.805000 0.962500 0.805000 0.962500 0.822500 0.956250 0.822500
0 0.940000 0.831250 0.950000 0.831250 0.950000 0.846250 0.940000 0.846250
0 0.946250 0.855000 0.955000 0.855000 0.955000 0.870000 0.946250 0.870000
0 0.820000 0.701250 0.828750 0.701250 0.828750 0.717500 0.820000 0.717500
0 0.857500 0.688750 0.868750 0.688750 0.868750 0.705000 0.857500 0.705000
0 0.882500 0.685000 0.890000 0.685000 0.890000 0.697500 0.882500 0.697500
0 0.891250 0.633750 0.901250 0.633750 0.901250 0.651250 0.891250 0.651250
0 0.878750 0.625000 0.887500 0.625000 0.887500 0.641250 0.878750 0.641250
0 0.903750 0.635000 0.913750 0.635000 0.913750 0.648750 0.903750 0.648750
0 0.898750 0.618750 0.907500 0.618750 0.907500 0.635000 0.898750 0.635000
0 0.870000 0.596250 0.878750 0.596250 0.878750 0.610000 0.870000 0.610000
0 0.895000 0.605000 0.901250 0.605000 0.901250 0.615000 0.895000 0.615000
0 0.863750 0.573750 0.872500 0.573750 0.872500 0.588750 0.863750 0.588750
0 0.868750 0.520000 0.877500 0.520000 0.877500 0.537500 0.868750 0.537500
0 0.816250 0.445000 0.828750 0.445000 0.828750 0.462500 0.816250 0.462500
0 0.663750 0.026250 0.677500 0.026250 0.677500 0.036250 0.663750 0.036250
0 0.608750 0.020000 0.618750 0.020000 0.618750 0.033750 0.608750 0.033750
0 0.631250 0.071250 0.640000 0.071250 0.640000 0.087500 0.631250 0.087500
0 0.711250 0.015000 0.725000 0.015000 0.725000 0.025000 0.711250 0.025000
0 0.695000 0.042500 0.702500 0.042500 0.702500 0.058750 0.695000 0.058750
0 0.688750 0.025000 0.700000 0.025000 0.700000 0.038750 0.688750 0.038750
0 0.727500 0.068750 0.741250 0.068750 0.741250 0.077500 0.727500 0.077500
0 0.731250 0.086250 0.746250 0.086250 0.746250 0.096250 0.731250 0.096250
0 0.737500 0.093750 0.748750 0.093750 0.748750 0.102500 0.737500 0.102500
0 0.738750 0.101250 0.752500 0.101250 0.752500 0.111250 0.738750 0.111250
0 0.743750 0.107500 0.755000 0.107500 0.755000 0.118750 0.743750 0.118750
0 0.747500 0.136250 0.762500 0.136250 0.762500 0.147500 0.747500 0.147500
0 0.755000 0.161250 0.770000 0.161250 0.770000 0.172500 0.755000 0.172500
0 0.136250 0.308750 0.157500 0.308750 0.157500 0.322500 0.136250 0.322500
0 0.141250 0.320000 0.155000 0.320000 0.155000 0.328750 0.141250 0.328750
0 0.198750 0.302500 0.212500 0.302500 0.212500 0.311250 0.198750 0.311250
0 0.198750 0.285000 0.208750 0.285000 0.208750 0.292500 0.198750 0.292500
0 0.222500 0.183750 0.232500 0.183750 0.232500 0.201250 0.222500 0.201250
0 0.231250 0.213750 0.240000 0.213750 0.240000 0.231250 0.231250 0.231250
0 0.215000 0.270000 0.227500 0.270000 0.227500 0.277500 0.215000 0.277500
0 0.206250 0.248750 0.222500 0.248750 0.222500 0.255000 0.206250 0.255000
0 0.217500 0.167500 0.226250 0.167500 0.226250 0.182500 0.217500 0.182500
0 0.211250 0.151250 0.222500 0.151250 0.222500 0.166250 0.211250 0.166250
0 0.188750 0.173750 0.202500 0.173750 0.202500 0.185000 0.188750 0.185000
0 0.193750 0.196250 0.207500 0.196250 0.207500 0.203750 0.193750 0.203750
0 0.193750 0.202500 0.210000 0.202500 0.210000 0.211250 0.193750 0.211250
0 0.201250 0.118750 0.211250 0.118750 0.211250 0.133750 0.201250 0.133750
0 0.206250 0.133750 0.217500 0.133750 0.217500 0.150000 0.206250 0.150000
0 0.196250 0.098750 0.207500 0.098750 0.207500 0.115000 0.196250 0.115000
0 0.093750 0.112500 0.107500 0.112500 0.107500 0.122500 0.093750 0.122500
0 0.115000 0.072500 0.128750 0.072500 0.128750 0.083750 0.115000 0.083750
0 0.003750 0.107500 0.018750 0.107500 0.018750 0.118750 0.003750 0.118750
0 0.005000 0.137500 0.022500 0.137500 0.022500 0.147500 0.005000 0.147500
0 0.232500 0.038750 0.245000 0.038750 0.245000 0.048750 0.232500 0.048750
0 0.247500 0.033750 0.258750 0.033750 0.258750 0.046250 0.247500 0.046250
0 0.261250 0.032500 0.276250 0.032500 0.276250 0.042500 0.261250 0.042500
0 0.285000 0.022500 0.298750 0.022500 0.298750 0.033750 0.285000 0.033750
0 0.335000 0.006250 0.350000 0.006250 0.350000 0.018750 0.335000 0.018750
0 0.353750 0.002500 0.365000 0.002500 0.365000 0.012500 0.353750 0.012500
0 0.430000 0.058750 0.437500 0.058750 0.437500 0.075000 0.430000 0.075000
0 0.455000 0.061250 0.465000 0.061250 0.465000 0.077500 0.455000 0.077500
0 0.437500 0.083750 0.446250 0.083750 0.446250 0.100000 0.437500 0.100000
0 0.461250 0.086250 0.470000 0.086250 0.470000 0.101250 0.461250 0.101250
0 0.455000 0.147500 0.466250 0.147500 0.466250 0.162500 0.455000 0.162500
0 0.478750 0.146250 0.488750 0.146250 0.488750 0.160000 0.478750 0.160000
0 0.485000 0.161250 0.495000 0.161250 0.495000 0.178750 0.485000 0.178750
0 0.537500 0.042500 0.548750 0.042500 0.548750 0.057500 0.537500 0.057500
0 0.503750 0.050000 0.516250 0.050000 0.516250 0.065000 0.503750 0.065000
0 0.488750 0.056250 0.498750 0.056250 0.498750 0.070000 0.488750 0.070000
0 0.536250 0.087500 0.547500 0.087500 0.547500 0.101250 0.536250 0.101250
0 0.522500 0.088750 0.530000 0.088750 0.530000 0.102500 0.522500 0.102500
0 0.513750 0.090000 0.522500 0.090000 0.522500 0.103750 0.513750 0.103750
0 0.500000 0.092500 0.508750 0.092500 0.508750 0.107500 0.500000 0.107500
0 0.486250 0.098750 0.493750 0.098750 0.493750 0.113750 0.486250 0.113750
0 0.531250 0.193750 0.547500 0.193750 0.547500 0.203750 0.531250 0.203750
0 0.546250 0.210000 0.562500 0.210000 0.562500 0.218750 0.546250 0.218750
