0 0.190000 0.168750 0.206250 0.168750 0.206250 0.186250 0.190000 0.186250
0 0.210000 0.182500 0.227500 0.182500 0.227500 0.202500 0.210000 0.202500
0 0.221250 0.190000 0.242500 0.190000 0.242500 0.208750 0.221250 0.208750
0 0.231250 0.197500 0.246250 0.197500 0.246250 0.213750 0.231250 0.213750
0 0.246250 0.206250 0.262500 0.206250 0.262500 0.227500 0.246250 0.227500
0 0.252500 0.212500 0.270000 0.212500 0.270000 0.231250 0.252500 0.231250
0 0.280000 0.230000 0.296250 0.230000 0.296250 0.246250 0.280000 0.246250
0 0.297500 0.238750 0.315000 0.238750 0.315000 0.256250 0.297500 0.256250
0 0.315000 0.251250 0.330000 0.251250 0.330000 0.268750 0.315000 0.268750
0 0.327500 0.260000 0.343750 0.260000 0.343750 0.276250 0.327500 0.276250
0 0.333750 0.263750 0.350000 0.263750 0.350000 0.280000 0.333750 0.280000
0 0.351250 0.273750 0.368750 0.273750 0.368750 0.293750 0.351250 0.293750
0 0.358750 0.280000 0.380000 0.280000 0.380000 0.300000 0.358750 0.300000
0 0.366250 0.285000 0.387500 0.285000 0.387500 0.303750 0.366250 0.303750
0 0.167500 0.210000 0.185000 0.210000 0.185000 0.227500 0.167500 0.227500
0 0.177500 0.215000 0.195000 0.215000 0.195000 0.233750 0.177500 0.233750
0 0.185000 0.218750 0.203750 0.218750 0.203750 0.240000 0.185000 0.240000
0 0.195000 0.225000 0.213750 0.225000 0.213750 0.246250 0.195000 0.246250
0 0.212500 0.236250 0.230000 0.236250 0.230000 0.256250 0.212500 0.256250
0 0.221250 0.242500 0.242500 0.242500 0.242500 0.263750 0.221250 0.263750
0 0.231250 0.248750 0.248750 0.248750 0.248750 0.268750 0.231250 0.268750
0 0.246250 0.261250 0.262500 0.261250 0.262500 0.278750 0.246250 0.278750
0 0.255000 0.263750 0.270000 0.263750 0.270000 0.282500 0.255000 0.282500
0 0.290000 0.287500 0.305000 0.287500 0.305000 0.306250 0.290000 0.306250
0 0.298750 0.292500 0.316250 0.292500 0.316250 0.315000 0.298750 0.315000
0 0.308750 0.300000 0.323750 0.300000 0.323750 0.317500 0.308750 0.317500
0 0.321250 0.310000 0.340000 0.310000 0.340000 0.328750 0.321250 0.328750
0 0.158750 0.227500 0.172500 0.227500 0.172500 0.246250 0.158750 0.246250
0 0.165000 0.232500 0.182500 0.232500 0.182500 0.251250 0.165000 0.251250
0 0.177500 0.237500 0.192500 0.237500 0.192500 0.257500 0.177500 0.257500
0 0.185000 0.245000 0.200000 0.245000 0.200000 0.262500 0.185000 0.262500
0 0.191250 0.248750 0.208750 0.248750 0.208750 0.267500 0.191250 0.267500
0 0.210000 0.261250 0.230000 0.261250 0.230000 0.280000 0.210000 0.280000
0 0.220000 0.267500 0.236250 0.267500 0.236250 0.285000 0.220000 0.285000
0 0.227500 0.272500 0.243750 0.272500 0.243750 0.291250 0.227500 0.291250
0 0.243750 0.281250 0.260000 0.281250 0.260000 0.300000 0.243750 0.300000
0 0.261250 0.293750 0.276250 0.293750 0.276250 0.311250 0.261250 0.311250
0 0.278750 0.308750 0.292500 0.308750 0.292500 0.323750 0.278750 0.323750
0 0.322500 0.333750 0.336250 0.333750 0.336250 0.352500 0.322500 0.352500
0 0.161250 0.285000 0.176250 0.285000 0.176250 0.300000 0.161250 0.300000
0 0.188750 0.298750 0.202500 0.298750 0.202500 0.316250 0.188750 0.316250
0 0.202500 0.308750 0.218750 0.308750 0.218750 0.327500 0.202500 0.327500
0 0.230000 0.328750 0.243750 0.328750 0.243750 0.345000 0.230000 0.345000
0 0.255000 0.345000 0.270000 0.345000 0.270000 0.363750 0.255000 0.363750
0 0.316250 0.281250 0.335000 0.281250 0.335000 0.296250 0.316250 0.296250
0 0.135000 0.293750 0.148750 0.293750 0.148750 0.310000 0.135000 0.310000
0 0.146250 0.300000 0.158750 0.300000 0.158750 0.315000 0.146250 0.315000
0 0.152500 0.305000 0.166250 0.305000 0.166250 0.321250 0.152500 0.321250
0 0.165000 0.315000 0.182500 0.315000 0.182500 0.333750 0.165000 0.333750
0 0.185000 0.328750 0.200000 0.328750 0.200000 0.345000 0.185000 0.345000
0 0.208750 0.346250 0.225000 0.346250 0.225000 0.365000 0.208750 0.365000
0 0.216250 0.352500 0.231250 0.352500 0.231250 0.370000 0.216250 0.370000
0 0.226250 0.357500 0.238750 0.357500 0.238750 0.373750 0.226250 0.373750
0 0.243750 0.370000 0.256250 0.370000 0.256250 0.387500 0.243750 0.387500
0 0.252500 0.376250 0.267500 0.376250 0.267500 0.392500 0.252500 0.392500
0 0.262500 0.380000 0.276250 0.380000 0.276250 0.398750 0.262500 0.398750
0 0.270000 0.387500 0.286250 0.387500 0.286250 0.405000 0.270000 0.405000
0 0.287500 0.396250 0.300000 0.396250 0.300000 0.413750 0.287500 0.413750
0 0.293750 0.401250 0.308750 0.401250 0.308750 0.418750 0.293750 0.418750
0 0.278750 0.393750 0.292500 0.393750 0.292500 0.411250 0.278750 0.411250
0 0.107500 0.328750 0.123750 0.328750 0.123750 0.346250 0.107500 0.346250
0 0.113750 0.333750 0.131250 0.333750 0.131250 0.351250 0.113750 0.351250
0 0.131250 0.343750 0.147500 0.343750 0.147500 0.363750 0.131250 0.363750
0 0.150000 0.356250 0.166250 0.356250 0.166250 0.373750 0.150000 0.373750
0 0.166250 0.368750 0.180000 0.368750 0.180000 0.386250 0.166250 0.386250
0 0.173750 0.373750 0.190000 0.373750 0.190000 0.392500 0.173750 0.392500
0 0.182500 0.377500 0.200000 0.377500 0.200000 0.398750 0.182500 0.398750
0 0.192500 0.383750 0.207500 0.383750 0.207500 0.403750 0.192500 0.403750
0 0.202500 0.390000 0.215000 0.390000 0.215000 0.406250 0.202500 0.406250
0 0.210000 0.393750 0.225000 0.393750 0.225000 0.412500 0.210000 0.412500
0 0.060000 0.351250 0.075000 0.351250 0.075000 0.370000 0.060000 0.370000
0 0.105000 0.386250 0.123750 0.386250 0.123750 0.403750 0.105000 0.403750
0 0.167500 0.426250 0.185000 0.426250 0.185000 0.441250 0.167500 0.441250
0 0.191250 0.442500 0.208750 0.442500 0.208750 0.457500 0.191250 0.457500
0 0.278750 0.493750 0.297500 0.493750 0.297500 0.503750 0.278750 0.503750
0 0.176250 0.452500 0.195000 0.452500 0.195000 0.466250 0.176250 0.466250
0 0.153750 0.436250 0.168750 0.436250 0.168750 0.448750 0.153750 0.448750
0 0.130000 0.420000 0.147500 0.420000 0.147500 0.435000 0.130000 0.435000
0 0.100000 0.400000 0.122500 0.400000 0.122500 0.417500 0.100000 0.417500
0 0.078750 0.386250 0.096250 0.386250 0.096250 0.400000 0.078750 0.400000
0 0.058750 0.371250 0.078750 0.371250 0.078750 0.387500 0.058750 0.387500
0 0.040000 0.358750 0.057500 0.358750 0.057500 0.375000 0.040000 0.375000
0 0.162500 0.527500 0.178750 0.527500 0.178750 0.545000 0.162500 0.545000
0 0.042500 0.658750 0.057500 0.658750 0.057500 0.673750 0.042500 0.673750
0 0.023750 0.646250 0.038750 0.646250 0.038750 0.663750 0.023750 0.663750
0 0.010000 0.628750 0.025000 0.628750 0.025000 0.647500 0.010000 0.647500
0 0.025000 0.673750 0.042500 0.673750 0.042500 0.688750 0.025000 0.688750
0 0.035000 0.677500 0.053750 0.677500 0.053750 0.695000 0.035000 0.695000
0 0.352500 0.548750 0.373750 0.548750 0.373750 0.567500 0.352500 0.567500
0 0.482500 0.633750 0.502500 0.633750 0.502500 0.651250 0.482500 0.651250
0 0.523750 0.448750 0.540000 0.448750 0.540000 0.465000 0.523750 0.465000
0 0.640000 0.406250 0.653750 0.406250 0.653750 0.423750 0.640000 0.423750
0 0.210000 0.658750 0.227500 0.658750 0.227500 0.671250 0.210000 0.671250
0 0.206250 0.668750 0.222500 0.668750 0.222500 0.682500 0.206250 0.682500
0 0.338750 0.650000 0.353750 0.650000 0.353750 0.668750 0.338750 0.668750
0 0.578750 0.532500 0.593750 0.532500 0.593750 0.548750 0.578750 0.548750
0 0.585000 0.700000 0.598750 0.700000 0.598750 0.715000 0.585000 0.715000
0 0.602500 0.712500 0.620000 0.712500 0.620000 0.728750 0.602500 0.728750
0 0.711250 0.783750 0.727500 0.783750 0.727500 0.797500 0.711250 0.797500
0 0.560000 0.683750 0.577500 0.683750 0.577500 0.700000 0.560000 0.700000
0 0.622500 0.728750 0.641250 0.728750 0.641250 0.745000 0.622500 0.745000
0 0.731250 0.796250 0.748750 0.796250 0.748750 0.811250 0.731250 0.811250
0 0.683750 0.767500 0.703750 0.767500 0.703750 0.783750 0.683750 0.783750
0 0.793750 0.836250 0.808750 0.836250 0.808750 0.850000 0.793750 0.850000
0 0.643750 0.591250 0.662500 0.591250 0.662500 0.602500 0.643750 0.602500
0 0.910000 0.907500 0.935000 0.907500 0.935000 0.926250 0.910000 0.926250
0 0.812500 0.847500 0.830000 0.847500 0.830000 0.862500 0.812500 0.862500
0 0.830000 0.858750 0.848750 0.858750 0.848750 0.873750 0.830000 0.873750
0 0.888750 0.895000 0.905000 0.895000 0.905000 0.910000 0.888750 0.910000
0 0.938750 0.913750 0.961250 0.913750 0.961250 0.926250 0.938750 0.926250
0 0.676250 0.428750 0.691250 0.428750 0.691250 0.443750 0.676250 0.443750
0 0.686250 0.377500 0.698750 0.377500 0.698750 0.393750 0.686250 0.393750
0 0.640000 0.328750 0.653750 0.328750 0.653750 0.346250 0.640000 0.346250
0 0.603750 0.327500 0.621250 0.327500 0.621250 0.340000 0.603750 0.340000
0 0.577500 0.365000 0.596250 0.365000 0.596250 0.380000 0.577500 0.380000
0 0.638750 0.267500 0.658750 0.267500 0.658750 0.285000 0.638750 0.285000
0 0.633750 0.276250 0.653750 0.276250 0.653750 0.291250 0.633750 0.291250
0 0.622500 0.291250 0.643750 0.291250 0.643750 0.305000 0.622500 0.305000
0 0.250000 0.137500 0.365000 0.137500 0.365000 0.233750 0.250000 0.233750
0 0.383750 0.168750 0.480000 0.168750 0.480000 0.280000 0.383750 0.280000
0 0.646250 0.003750 0.662500 0.003750 0.662500 0.023750 0.646250 0.023750
0 0.668750 0.012500 0.683750 0.012500 0.683750 0.035000 0.668750 0.035000
