0 0.855000 0.087500 0.878750 0.087500 0.878750 0.112500 0.855000 0.112500
0 0.847500 0.006250 0.870000 0.006250 0.870000 0.022500 0.847500 0.022500
0 0.852500 0.021250 0.872500 0.021250 0.872500 0.036250 0.852500 0.036250
0 0.856250 0.031250 0.878750 0.031250 0.878750 0.047500 0.856250 0.047500
0 0.857500 0.042500 0.882500 0.042500 0.882500 0.058750 0.857500 0.058750
0 0.861250 0.052500 0.887500 0.052500 0.887500 0.070000 0.861250 0.070000
0 0.868750 0.065000 0.892500 0.065000 0.892500 0.080000 0.868750 0.080000
0 0.877500 0.078750 0.898750 0.078750 0.898750 0.095000 0.877500 0.095000
0 0.700000 0.143750 0.726250 0.143750 0.726250 0.157500 0.700000 0.157500
0 0.675000 0.150000 0.698750 0.150000 0.698750 0.165000 0.675000 0.165000
0 0.647500 0.158750 0.672500 0.158750 0.672500 0.171250 0.647500 0.171250
0 0.625000 0.165000 0.645000 0.165000 0.645000 0.177500 0.625000 0.177500
0 0.597500 0.170000 0.622500 0.170000 0.622500 0.183750 0.597500 0.183750
0 0.580000 0.180000 0.596250 0.180000 0.596250 0.202500 0.580000 0.202500
0 0.567500 0.183750 0.581250 0.183750 0.581250 0.207500 0.567500 0.207500
0 0.555000 0.190000 0.570000 0.190000 0.570000 0.213750 0.555000 0.213750
0 0.537500 0.191250 0.555000 0.191250 0.555000 0.216250 0.537500 0.216250
0 0.513750 0.197500 0.527500 0.197500 0.527500 0.218750 0.513750 0.218750
0 0.495000 0.202500 0.511250 0.202500 0.511250 0.226250 0.495000 0.226250
0 0.482500 0.206250 0.497500 0.206250 0.497500 0.231250 0.482500 0.231250
0 0.468750 0.211250 0.486250 0.211250 0.486250 0.236250 0.468750 0.236250
0 0.440000 0.220000 0.455000 0.220000 0.455000 0.245000 0.440000 0.245000
0 0.423750 0.227500 0.442500 0.227500 0.442500 0.252500 0.423750 0.252500
0 0.411250 0.231250 0.426250 0.231250 0.426250 0.256250 0.411250 0.256250
0 0.396250 0.231250 0.413750 0.231250 0.413750 0.257500 0.396250 0.257500
0 0.382500 0.235000 0.398750 0.235000 0.398750 0.260000 0.382500 0.260000
0 0.370000 0.240000 0.386250 0.240000 0.386250 0.265000 0.370000 0.265000
0 0.327500 0.260000 0.341250 0.260000 0.341250 0.277500 0.327500 0.277500
0 0.308750 0.262500 0.325000 0.262500 0.325000 0.288750 0.308750 0.288750
0 0.292500 0.267500 0.308750 0.267500 0.308750 0.292500 0.292500 0.292500
0 0.285000 0.277500 0.298750 0.277500 0.298750 0.301250 0.285000 0.301250
0 0.266250 0.275000 0.286250 0.275000 0.286250 0.305000 0.266250 0.305000
0 0.253750 0.282500 0.268750 0.282500 0.268750 0.307500 0.253750 0.307500
0 0.237500 0.285000 0.255000 0.285000 0.255000 0.307500 0.237500 0.307500
0 0.221250 0.286250 0.241250 0.286250 0.241250 0.313750 0.221250 0.313750
0 0.270000 0.348750 0.291250 0.348750 0.291250 0.372500 0.270000 0.372500
0 0.278750 0.378750 0.303750 0.378750 0.303750 0.397500 0.278750 0.397500
0 0.286250 0.405000 0.313750 0.405000 0.313750 0.425000 0.286250 0.425000
0 0.298750 0.423750 0.318750 0.423750 0.318750 0.441250 0.298750 0.441250
0 0.437500 0.561250 0.458750 0.561250 0.458750 0.575000 0.437500 0.575000
0 0.505000 0.573750 0.530000 0.573750 0.530000 0.591250 0.505000 0.591250
0 0.305000 0.468750 0.336250 0.468750 0.336250 0.492500 0.305000 0.492500
0 0.437500 0.578750 0.462500 0.578750 0.462500 0.588750 0.437500 0.588750
0 0.442500 0.590000 0.466250 0.590000 0.466250 0.603750 0.442500 0.603750
0 0.447500 0.605000 0.468750 0.605000 0.468750 0.617500 0.447500 0.617500
0 0.453750 0.617500 0.470000 0.617500 0.470000 0.626250 0.453750 0.626250
0 0.456250 0.630000 0.477500 0.630000 0.477500 0.641250 0.456250 0.641250
0 0.456250 0.643750 0.482500 0.643750 0.482500 0.657500 0.456250 0.657500
0 0.510000 0.591250 0.537500 0.591250 0.537500 0.607500 0.510000 0.607500
0 0.516250 0.608750 0.541250 0.608750 0.541250 0.626250 0.516250 0.626250
0 0.476250 0.678750 0.497500 0.678750 0.497500 0.693750 0.476250 0.693750
0 0.481250 0.705000 0.507500 0.705000 0.507500 0.722500 0.481250 0.722500
0 0.547500 0.705000 0.573750 0.705000 0.573750 0.720000 0.547500 0.720000
0 0.490000 0.725000 0.512500 0.725000 0.512500 0.737500 0.490000 0.737500
0 0.570000 0.735000 0.593750 0.735000 0.593750 0.747500 0.570000 0.747500
0 0.518750 0.748750 0.541250 0.748750 0.541250 0.762500 0.518750 0.762500
0 0.628750 0.733750 0.651250 0.733750 0.651250 0.750000 0.628750 0.750000
0 0.661250 0.707500 0.683750 0.707500 0.683750 0.721250 0.661250 0.721250
0 0.740000 0.703750 0.758750 0.703750 0.758750 0.712500 0.740000 0.712500
0 0.728750 0.717500 0.748750 0.717500 0.748750 0.731250 0.728750 0.731250
0 0.743750 0.683750 0.768750 0.683750 0.768750 0.697500 0.743750 0.697500
0 0.715000 0.690000 0.743750 0.690000 0.743750 0.705000 0.715000 0.705000
0 0.907500 0.588750 0.923750 0.588750 0.923750 0.606250 0.907500 0.606250
0 0.807500 0.662500 0.825000 0.662500 0.825000 0.678750 0.807500 0.678750
0 0.882500 0.681250 0.906250 0.681250 0.906250 0.692500 0.882500 0.692500
0 0.791250 0.705000 0.822500 0.705000 0.822500 0.720000 0.791250 0.720000
0 0.900000 0.611250 0.923750 0.611250 0.923750 0.630000 0.900000 0.630000
0 0.837500 0.770000 0.865000 0.770000 0.865000 0.788750 0.837500 0.788750
0 0.436250 0.811250 0.460000 0.811250 0.460000 0.825000 0.436250 0.825000
0 0.470000 0.798750 0.491250 0.798750 0.491250 0.813750 0.470000 0.813750
0 0.601250 0.803750 0.617500 0.803750 0.617500 0.827500 0.601250 0.827500
0 0.641250 0.815000 0.655000 0.815000 0.655000 0.838750 0.641250 0.838750
0 0.610000 0.826250 0.625000 0.826250 0.625000 0.846250 0.610000 0.846250
0 0.651250 0.843750 0.666250 0.843750 0.666250 0.865000 0.651250 0.865000
0 0.658750 0.872500 0.681250 0.872500 0.681250 0.901250 0.658750 0.901250
0 0.686250 0.915000 0.702500 0.915000 0.702500 0.940000 0.686250 0.940000
0 0.663750 0.946250 0.681250 0.946250 0.681250 0.971250 0.663750 0.971250
0 0.711250 0.972500 0.730000 0.972500 0.730000 0.998750 0.711250 0.998750
0 0.673750 0.971250 0.692500 0.971250 0.692500 0.997500 0.673750 0.997500
0 0.136250 0.905000 0.160000 0.905000 0.160000 0.918750 0.136250 0.918750
0 0.103750 0.913750 0.127500 0.913750 0.127500 0.927500 0.103750 0.927500
0 0.055000 0.892500 0.078750 0.892500 0.078750 0.905000 0.055000 0.905000
0 0.025000 0.900000 0.048750 0.900000 0.048750 0.913750 0.025000 0.913750
0 0.002500 0.908750 0.022500 0.908750 0.022500 0.920000 0.002500 0.920000
0 0.275000 0.331250 0.293750 0.331250 0.293750 0.357500 0.275000 0.357500
0 0.288750 0.325000 0.302500 0.325000 0.302500 0.351250 0.288750 0.351250
0 0.301250 0.322500 0.320000 0.322500 0.320000 0.351250 0.301250 0.351250
0 0.315000 0.315000 0.333750 0.315000 0.333750 0.345000 0.315000 0.345000
0 0.332500 0.315000 0.350000 0.315000 0.350000 0.338750 0.332500 0.338750
0 0.350000 0.307500 0.367500 0.307500 0.367500 0.331250 0.350000 0.331250
0 0.362500 0.300000 0.380000 0.300000 0.380000 0.330000 0.362500 0.330000
0 0.382500 0.292500 0.403750 0.292500 0.403750 0.321250 0.382500 0.321250
0 0.400000 0.287500 0.415000 0.287500 0.415000 0.312500 0.400000 0.312500
0 0.413750 0.281250 0.427500 0.281250 0.427500 0.308750 0.413750 0.308750
0 0.436250 0.277500 0.448750 0.277500 0.448750 0.305000 0.436250 0.305000
0 0.445000 0.275000 0.460000 0.275000 0.460000 0.298750 0.445000 0.298750
0 0.458750 0.267500 0.476250 0.267500 0.476250 0.298750 0.458750 0.298750
0 0.490000 0.251250 0.512500 0.251250 0.512500 0.273750 0.490000 0.273750
0 0.580000 0.211250 0.601250 0.211250 0.601250 0.231250 0.580000 0.231250
0 0.511250 0.238750 0.537500 0.238750 0.537500 0.258750 0.511250 0.258750
0 0.537500 0.230000 0.568750 0.230000 0.568750 0.252500 0.537500 0.252500
0 0.941250 0.915000 0.965000 0.915000 0.965000 0.930000 0.941250 0.930000
0 0.357500 0.985000 0.371250 0.985000 0.371250 0.998750 0.357500 0.998750
