1 0.278750 0.012500 0.547500 0.012500 0.547500 0.172500 0.278750 0.172500
1 0.000000 0.212500 0.418750 0.212500 0.418750 0.475000 0.000000 0.475000
1 0.497500 0.353750 0.932500 0.353750 0.932500 0.868750 0.497500 0.868750
1 0.373750 0.527500 0.411250 0.527500 0.411250 0.541250 0.373750 0.541250
1 0.356250 0.558750 0.447500 0.558750 0.447500 0.591250 0.356250 0.591250
1 0.355000 0.667500 0.448750 0.667500 0.448750 0.700000 0.355000 0.700000
1 0.447500 0.700000 0.520000 0.700000 0.520000 0.736250 0.447500 0.736250
1 0.486250 0.797500 0.551250 0.797500 0.551250 0.832500 0.486250 0.832500
1 0.498750 0.835000 0.566250 0.835000 0.566250 0.875000 0.498750 0.875000
0 0.355000 0.827500 0.380000 0.827500 0.380000 0.836250 0.355000 0.836250
0 0.310000 0.797500 0.336250 0.797500 0.336250 0.808750 0.310000 0.808750
0 0.326250 0.956250 0.336250 0.956250 0.336250 0.976250 0.326250 0.976250
0 0.287500 0.911250 0.310000 0.911250 0.310000 0.921250 0.287500 0.921250
0 0.002500 0.936250 0.021250 0.936250 0.021250 0.945000 0.002500 0.945000
0 0.095000 0.671250 0.113750 0.671250 0.113750 0.681250 0.095000 0.681250
0 0.091250 0.695000 0.110000 0.695000 0.110000 0.703750 0.091250 0.703750
1 0.442500 0.697500 0.483750 0.697500 0.483750 0.718750 0.442500 0.718750
1 0.365000 0.593750 0.445000 0.593750 0.445000 0.626250 0.365000 0.626250
1 0.378750 0.636250 0.445000 0.636250 0.445000 0.665000 0.378750 0.665000
1 0.416250 0.520000 0.441250 0.520000 0.441250 0.530000 0.416250 0.530000
