0 0.173750 0.562500 0.196250 0.562500 0.196250 0.571250 0.173750 0.571250
0 0.182500 0.473750 0.198750 0.473750 0.198750 0.498750 0.182500 0.498750
0 0.280000 0.513750 0.292500 0.513750 0.292500 0.535000 0.280000 0.535000
0 0.268750 0.495000 0.280000 0.495000 0.280000 0.511250 0.268750 0.511250
0 0.230000 0.431250 0.246250 0.431250 0.246250 0.451250 0.230000 0.451250
0 0.253750 0.470000 0.263750 0.470000 0.263750 0.482500 0.253750 0.482500
0 0.152500 0.390000 0.165000 0.390000 0.165000 0.406250 0.152500 0.406250
0 0.130000 0.330000 0.147500 0.330000 0.147500 0.357500 0.130000 0.357500
0 0.232500 0.270000 0.240000 0.270000 0.240000 0.286250 0.232500 0.286250
0 0.227500 0.291250 0.236250 0.291250 0.236250 0.302500 0.227500 0.302500
0 0.153750 0.107500 0.171250 0.107500 0.171250 0.128750 0.153750 0.128750
0 0.073750 0.122500 0.083750 0.122500 0.083750 0.138750 0.073750 0.138750
0 0.055000 0.025000 0.065000 0.025000 0.065000 0.041250 0.055000 0.041250
0 0.053750 0.000000 0.060000 0.000000 0.060000 0.016250 0.053750 0.016250
0 0.401250 0.127500 0.420000 0.127500 0.420000 0.138750 0.401250 0.138750
0 0.451250 0.121250 0.467500 0.121250 0.467500 0.128750 0.451250 0.128750
0 0.652500 0.156250 0.673750 0.156250 0.673750 0.171250 0.652500 0.171250
0 0.685000 0.181250 0.703750 0.181250 0.703750 0.205000 0.685000 0.205000
0 0.768750 0.240000 0.782500 0.240000 0.782500 0.256250 0.768750 0.256250
0 0.763750 0.295000 0.781250 0.295000 0.781250 0.308750 0.763750 0.308750
0 0.818750 0.363750 0.830000 0.363750 0.830000 0.378750 0.818750 0.378750
0 0.837500 0.682500 0.852500 0.682500 0.852500 0.700000 0.837500 0.700000
0 0.821250 0.745000 0.838750 0.745000 0.838750 0.762500 0.821250 0.762500
0 0.833750 0.762500 0.855000 0.762500 0.855000 0.781250 0.833750 0.781250
1 0.250000 0.332500 0.350000 0.332500 0.350000 0.377500 0.250000 0.377500
1 0.276250 0.397500 0.345000 0.397500 0.345000 0.446250 0.276250 0.446250
1 0.306250 0.431250 0.403750 0.431250 0.403750 0.511250 0.306250 0.511250
1 0.342500 0.491250 0.440000 0.491250 0.440000 0.567500 0.342500 0.567500
1 0.596250 0.767500 0.667500 0.767500 0.667500 0.838750 0.596250 0.838750
1 0.655000 0.715000 0.708750 0.715000 0.708750 0.786250 0.655000 0.786250
1 0.681250 0.646250 0.762500 0.646250 0.762500 0.750000 0.681250 0.750000
1 0.746250 0.618750 0.815000 0.618750 0.815000 0.690000 0.746250 0.690000
1 0.785000 0.582500 0.848750 0.582500 0.848750 0.616250 0.785000 0.616250
1 0.735000 0.463750 0.832500 0.463750 0.832500 0.535000 0.735000 0.535000
1 0.680000 0.398750 0.802500 0.398750 0.802500 0.480000 0.680000 0.480000
1 0.605000 0.335000 0.766250 0.335000 0.766250 0.473750 0.605000 0.473750
1 0.516250 0.158750 0.567500 0.158750 0.567500 0.261250 0.516250 0.261250
1 0.445000 0.153750 0.485000 0.153750 0.485000 0.267500 0.445000 0.267500
1 0.325000 0.223750 0.386250 0.223750 0.386250 0.297500 0.325000 0.297500
1 0.373750 0.193750 0.430000 0.193750 0.430000 0.277500 0.373750 0.277500
