1 0.038750 0.007500 0.373750 0.007500 0.373750 0.106250 0.038750 0.106250
1 0.381250 0.030000 0.675000 0.030000 0.675000 0.110000 0.381250 0.110000
1 0.025000 0.157500 0.376250 0.157500 0.376250 0.251250 0.025000 0.251250
1 0.096250 0.296250 0.378750 0.296250 0.378750 0.391250 0.096250 0.391250
1 0.138750 0.445000 0.386250 0.445000 0.386250 0.537500 0.138750 0.537500
1 0.196250 0.586250 0.393750 0.586250 0.393750 0.672500 0.196250 0.672500
1 0.090000 0.682500 0.395000 0.682500 0.395000 0.841250 0.090000 0.841250
1 0.400000 0.561250 0.528750 0.561250 0.528750 0.627500 0.400000 0.627500
1 0.396250 0.460000 0.553750 0.460000 0.553750 0.526250 0.396250 0.526250
1 0.391250 0.356250 0.571250 0.356250 0.571250 0.426250 0.391250 0.426250
1 0.387500 0.251250 0.611250 0.251250 0.611250 0.323750 0.387500 0.323750
1 0.385000 0.143750 0.650000 0.143750 0.650000 0.217500 0.385000 0.217500
