2 0.616250 0.241250 0.990000 0.241250 0.990000 0.982500 0.616250 0.982500
0 0.002500 0.322500 0.008750 0.322500 0.008750 0.341250 0.002500 0.341250
0 0.012500 0.320000 0.022500 0.320000 0.022500 0.341250 0.012500 0.341250
0 0.023750 0.321250 0.032500 0.321250 0.032500 0.342500 0.023750 0.342500
0 0.033750 0.320000 0.041250 0.320000 0.041250 0.342500 0.033750 0.342500
0 0.042500 0.321250 0.053750 0.321250 0.053750 0.343750 0.042500 0.343750
0 0.055000 0.320000 0.063750 0.320000 0.063750 0.342500 0.055000 0.342500
0 0.065000 0.318750 0.076250 0.318750 0.076250 0.343750 0.065000 0.343750
0 0.077500 0.321250 0.086250 0.321250 0.086250 0.342500 0.077500 0.342500
0 0.087500 0.321250 0.096250 0.321250 0.096250 0.343750 0.087500 0.343750
0 0.098750 0.322500 0.108750 0.322500 0.108750 0.343750 0.098750 0.343750
0 0.118750 0.321250 0.126250 0.321250 0.126250 0.342500 0.118750 0.342500
0 0.128750 0.321250 0.138750 0.321250 0.138750 0.347500 0.128750 0.347500
0 0.000000 0.228750 0.006250 0.228750 0.006250 0.247500 0.000000 0.247500
0 0.000000 0.261250 0.008750 0.261250 0.008750 0.286250 0.000000 0.286250
0 0.010000 0.263750 0.016250 0.263750 0.016250 0.283750 0.010000 0.283750
0 0.020000 0.265000 0.028750 0.265000 0.028750 0.285000 0.020000 0.285000
0 0.030000 0.263750 0.037500 0.263750 0.037500 0.286250 0.030000 0.286250
0 0.008750 0.231250 0.017500 0.231250 0.017500 0.252500 0.008750 0.252500
0 0.020000 0.230000 0.027500 0.230000 0.027500 0.251250 0.020000 0.251250
0 0.028750 0.228750 0.040000 0.228750 0.040000 0.250000 0.028750 0.250000
0 0.038750 0.265000 0.047500 0.265000 0.047500 0.286250 0.038750 0.286250
0 0.047500 0.265000 0.056250 0.265000 0.056250 0.288750 0.047500 0.288750
0 0.056250 0.266250 0.066250 0.266250 0.066250 0.290000 0.056250 0.290000
0 0.066250 0.267500 0.073750 0.267500 0.073750 0.287500 0.066250 0.287500
0 0.041250 0.230000 0.050000 0.230000 0.050000 0.250000 0.041250 0.250000
0 0.052500 0.232500 0.060000 0.232500 0.060000 0.253750 0.052500 0.253750
0 0.073750 0.265000 0.083750 0.265000 0.083750 0.287500 0.073750 0.287500
0 0.085000 0.266250 0.093750 0.266250 0.093750 0.285000 0.085000 0.285000
0 0.093750 0.266250 0.103750 0.266250 0.103750 0.287500 0.093750 0.287500
0 0.063750 0.230000 0.072500 0.230000 0.072500 0.252500 0.063750 0.252500
0 0.073750 0.230000 0.081250 0.230000 0.081250 0.252500 0.073750 0.252500
0 0.086250 0.227500 0.093750 0.227500 0.093750 0.252500 0.086250 0.252500
0 0.096250 0.231250 0.103750 0.231250 0.103750 0.252500 0.096250 0.252500
0 0.106250 0.230000 0.115000 0.230000 0.115000 0.251250 0.106250 0.251250
0 0.116250 0.231250 0.123750 0.231250 0.123750 0.253750 0.116250 0.253750
0 0.127500 0.231250 0.136250 0.231250 0.136250 0.255000 0.127500 0.255000
0 0.140000 0.233750 0.147500 0.233750 0.147500 0.253750 0.140000 0.253750
0 0.150000 0.232500 0.158750 0.232500 0.158750 0.253750 0.150000 0.253750
0 0.161250 0.233750 0.168750 0.233750 0.168750 0.253750 0.161250 0.253750
0 0.170000 0.232500 0.180000 0.232500 0.180000 0.255000 0.170000 0.255000
0 0.106250 0.265000 0.113750 0.265000 0.113750 0.286250 0.106250 0.286250
0 0.113750 0.266250 0.122500 0.266250 0.122500 0.288750 0.113750 0.288750
0 0.123750 0.267500 0.131250 0.267500 0.131250 0.291250 0.123750 0.291250
0 0.132500 0.268750 0.140000 0.268750 0.140000 0.287500 0.132500 0.287500
0 0.141250 0.267500 0.150000 0.267500 0.150000 0.290000 0.141250 0.290000
0 0.151250 0.266250 0.160000 0.266250 0.160000 0.288750 0.151250 0.288750
0 0.160000 0.267500 0.170000 0.267500 0.170000 0.288750 0.160000 0.288750
0 0.171250 0.268750 0.180000 0.268750 0.180000 0.290000 0.171250 0.290000
0 0.245000 0.235000 0.255000 0.235000 0.255000 0.255000 0.245000 0.255000
0 0.243750 0.270000 0.252500 0.270000 0.252500 0.291250 0.243750 0.291250
0 0.253750 0.272500 0.263750 0.272500 0.263750 0.293750 0.253750 0.293750
0 0.256250 0.237500 0.266250 0.237500 0.266250 0.258750 0.256250 0.258750
0 0.267500 0.240000 0.277500 0.240000 0.277500 0.261250 0.267500 0.261250
0 0.265000 0.272500 0.272500 0.272500 0.272500 0.292500 0.265000 0.292500
0 0.275000 0.271250 0.281250 0.271250 0.281250 0.292500 0.275000 0.292500
0 0.277500 0.238750 0.287500 0.238750 0.287500 0.258750 0.277500 0.258750
0 0.288750 0.241250 0.297500 0.241250 0.297500 0.260000 0.288750 0.260000
0 0.283750 0.273750 0.291250 0.273750 0.291250 0.292500 0.283750 0.292500
0 0.293750 0.272500 0.301250 0.272500 0.301250 0.293750 0.293750 0.293750
0 0.303750 0.271250 0.313750 0.271250 0.313750 0.293750 0.303750 0.293750
0 0.315000 0.272500 0.322500 0.272500 0.322500 0.292500 0.315000 0.292500
0 0.325000 0.273750 0.335000 0.273750 0.335000 0.297500 0.325000 0.297500
0 0.298750 0.235000 0.308750 0.235000 0.308750 0.261250 0.298750 0.261250
0 0.310000 0.240000 0.320000 0.240000 0.320000 0.261250 0.310000 0.261250
0 0.321250 0.240000 0.330000 0.240000 0.330000 0.260000 0.321250 0.260000
0 0.338750 0.237500 0.347500 0.237500 0.347500 0.260000 0.338750 0.260000
0 0.350000 0.240000 0.356250 0.240000 0.356250 0.261250 0.350000 0.261250
0 0.345000 0.273750 0.352500 0.273750 0.352500 0.292500 0.345000 0.292500
0 0.353750 0.272500 0.362500 0.272500 0.362500 0.295000 0.353750 0.295000
0 0.365000 0.276250 0.373750 0.276250 0.373750 0.295000 0.365000 0.295000
0 0.375000 0.275000 0.383750 0.275000 0.383750 0.295000 0.375000 0.295000
0 0.383750 0.276250 0.392500 0.276250 0.392500 0.298750 0.383750 0.298750
0 0.395000 0.276250 0.403750 0.276250 0.403750 0.298750 0.395000 0.298750
0 0.405000 0.275000 0.412500 0.275000 0.412500 0.298750 0.405000 0.298750
0 0.415000 0.277500 0.423750 0.277500 0.423750 0.298750 0.415000 0.298750
0 0.423750 0.276250 0.432500 0.276250 0.432500 0.298750 0.423750 0.298750
0 0.435000 0.276250 0.443750 0.276250 0.443750 0.296250 0.435000 0.296250
0 0.357500 0.240000 0.366250 0.240000 0.366250 0.261250 0.357500 0.261250
0 0.367500 0.241250 0.377500 0.241250 0.377500 0.263750 0.367500 0.263750
0 0.377500 0.240000 0.385000 0.240000 0.385000 0.261250 0.377500 0.261250
0 0.386250 0.240000 0.393750 0.240000 0.393750 0.265000 0.386250 0.265000
0 0.395000 0.242500 0.403750 0.242500 0.403750 0.262500 0.395000 0.262500
0 0.405000 0.238750 0.415000 0.238750 0.415000 0.265000 0.405000 0.265000
0 0.416250 0.242500 0.423750 0.242500 0.423750 0.263750 0.416250 0.263750
0 0.425000 0.242500 0.433750 0.242500 0.433750 0.265000 0.425000 0.265000
0 0.433750 0.242500 0.443750 0.242500 0.443750 0.263750 0.433750 0.263750
0 0.502500 0.196250 0.512500 0.196250 0.512500 0.218750 0.502500 0.218750
0 0.493750 0.195000 0.501250 0.195000 0.501250 0.213750 0.493750 0.213750
0 0.485000 0.196250 0.492500 0.196250 0.492500 0.216250 0.485000 0.216250
0 0.475000 0.196250 0.481250 0.196250 0.481250 0.215000 0.475000 0.215000
0 0.465000 0.197500 0.473750 0.197500 0.473750 0.213750 0.465000 0.213750
0 0.455000 0.196250 0.465000 0.196250 0.465000 0.217500 0.455000 0.217500
0 0.447500 0.196250 0.453750 0.196250 0.453750 0.216250 0.447500 0.216250
0 0.435000 0.196250 0.446250 0.196250 0.446250 0.216250 0.435000 0.216250
0 0.427500 0.196250 0.435000 0.196250 0.435000 0.217500 0.427500 0.217500
0 0.418750 0.196250 0.427500 0.196250 0.427500 0.217500 0.418750 0.217500
0 0.407500 0.195000 0.416250 0.195000 0.416250 0.216250 0.407500 0.216250
0 0.397500 0.196250 0.406250 0.196250 0.406250 0.216250 0.397500 0.216250
0 0.388750 0.193750 0.396250 0.193750 0.396250 0.215000 0.388750 0.215000
0 0.377500 0.193750 0.387500 0.193750 0.387500 0.216250 0.377500 0.216250
0 0.367500 0.192500 0.376250 0.192500 0.376250 0.213750 0.367500 0.213750
0 0.357500 0.191250 0.366250 0.191250 0.366250 0.213750 0.357500 0.213750
0 0.346250 0.192500 0.357500 0.192500 0.357500 0.216250 0.346250 0.216250
0 0.318750 0.193750 0.338750 0.193750 0.338750 0.203750 0.318750 0.203750
0 0.290000 0.193750 0.310000 0.193750 0.310000 0.202500 0.290000 0.202500
0 0.266250 0.193750 0.285000 0.193750 0.285000 0.202500 0.266250 0.202500
0 0.242500 0.192500 0.263750 0.192500 0.263750 0.201250 0.242500 0.201250
0 0.221250 0.191250 0.237500 0.191250 0.237500 0.202500 0.221250 0.202500
0 0.196250 0.191250 0.218750 0.191250 0.218750 0.200000 0.196250 0.200000
0 0.167500 0.191250 0.187500 0.191250 0.187500 0.200000 0.167500 0.200000
0 0.143750 0.191250 0.162500 0.191250 0.162500 0.200000 0.143750 0.200000
0 0.115000 0.187500 0.136250 0.187500 0.136250 0.197500 0.115000 0.197500
0 0.086250 0.187500 0.107500 0.187500 0.107500 0.198750 0.086250 0.198750
0 0.062500 0.185000 0.082500 0.185000 0.082500 0.196250 0.062500 0.196250
0 0.032500 0.186250 0.057500 0.186250 0.057500 0.195000 0.032500 0.195000
0 0.010000 0.185000 0.030000 0.185000 0.030000 0.193750 0.010000 0.193750
0 0.026250 0.201250 0.048750 0.201250 0.048750 0.215000 0.026250 0.215000
0 0.557500 0.193750 0.568750 0.193750 0.568750 0.216250 0.557500 0.216250
0 0.596250 0.193750 0.606250 0.193750 0.606250 0.213750 0.596250 0.213750
0 0.607500 0.193750 0.616250 0.193750 0.616250 0.216250 0.607500 0.216250
0 0.618750 0.195000 0.628750 0.195000 0.628750 0.216250 0.618750 0.216250
0 0.630000 0.195000 0.638750 0.195000 0.638750 0.216250 0.630000 0.216250
0 0.640000 0.196250 0.651250 0.196250 0.651250 0.217500 0.640000 0.217500
0 0.651250 0.197500 0.660000 0.197500 0.660000 0.216250 0.651250 0.216250
0 0.660000 0.193750 0.668750 0.193750 0.668750 0.218750 0.660000 0.218750
0 0.668750 0.193750 0.678750 0.193750 0.678750 0.215000 0.668750 0.215000
0 0.535000 0.250000 0.545000 0.250000 0.545000 0.271250 0.535000 0.271250
0 0.545000 0.248750 0.555000 0.248750 0.555000 0.271250 0.545000 0.271250
0 0.556250 0.248750 0.565000 0.248750 0.565000 0.271250 0.556250 0.271250
0 0.565000 0.247500 0.573750 0.247500 0.573750 0.268750 0.565000 0.268750
0 0.576250 0.248750 0.585000 0.248750 0.585000 0.270000 0.576250 0.270000
0 0.585000 0.251250 0.595000 0.251250 0.595000 0.271250 0.585000 0.271250
0 0.595000 0.252500 0.605000 0.252500 0.605000 0.271250 0.595000 0.271250
0 0.605000 0.250000 0.615000 0.250000 0.615000 0.273750 0.605000 0.273750
0 0.616250 0.250000 0.626250 0.250000 0.626250 0.275000 0.616250 0.275000
0 0.627500 0.253750 0.636250 0.253750 0.636250 0.275000 0.627500 0.275000
0 0.637500 0.250000 0.645000 0.250000 0.645000 0.273750 0.637500 0.273750
0 0.647500 0.253750 0.656250 0.253750 0.656250 0.273750 0.647500 0.273750
0 0.656250 0.255000 0.667500 0.255000 0.667500 0.276250 0.656250 0.276250
