0 0.046250 0.385000 0.067500 0.385000 0.067500 0.406250 0.046250 0.406250
0 0.121250 0.443750 0.146250 0.443750 0.146250 0.466250 0.121250 0.466250
0 0.225000 0.591250 0.240000 0.591250 0.240000 0.608750 0.225000 0.608750
0 0.246250 0.606250 0.258750 0.606250 0.258750 0.622500 0.246250 0.622500
0 0.260000 0.620000 0.277500 0.620000 0.277500 0.637500 0.260000 0.637500
0 0.392500 0.673750 0.418750 0.673750 0.418750 0.696250 0.392500 0.696250
0 0.010000 0.613750 0.027500 0.613750 0.027500 0.628750 0.010000 0.628750
0 0.001250 0.628750 0.020000 0.628750 0.020000 0.643750 0.001250 0.643750
0 0.031250 0.630000 0.048750 0.630000 0.048750 0.658750 0.031250 0.658750
0 0.017500 0.667500 0.031250 0.667500 0.031250 0.690000 0.017500 0.690000
0 0.006250 0.695000 0.020000 0.695000 0.020000 0.717500 0.006250 0.717500
0 0.082500 0.645000 0.098750 0.645000 0.098750 0.665000 0.082500 0.665000
0 0.090000 0.652500 0.103750 0.652500 0.103750 0.673750 0.090000 0.673750
0 0.098750 0.653750 0.113750 0.653750 0.113750 0.675000 0.098750 0.675000
0 0.106250 0.660000 0.122500 0.660000 0.122500 0.680000 0.106250 0.680000
0 0.113750 0.667500 0.128750 0.667500 0.128750 0.686250 0.113750 0.686250
0 0.121250 0.673750 0.135000 0.673750 0.135000 0.692500 0.121250 0.692500
0 0.128750 0.680000 0.142500 0.680000 0.142500 0.698750 0.128750 0.698750
0 0.135000 0.686250 0.152500 0.686250 0.152500 0.707500 0.135000 0.707500
0 0.125000 0.621250 0.140000 0.621250 0.140000 0.638750 0.125000 0.638750
0 0.145000 0.638750 0.158750 0.638750 0.158750 0.655000 0.145000 0.655000
0 0.156250 0.647500 0.173750 0.647500 0.173750 0.668750 0.156250 0.668750
0 0.163750 0.653750 0.177500 0.653750 0.177500 0.672500 0.163750 0.672500
0 0.172500 0.660000 0.187500 0.660000 0.187500 0.677500 0.172500 0.677500
0 0.181250 0.665000 0.196250 0.665000 0.196250 0.683750 0.181250 0.683750
0 0.022500 0.816250 0.037500 0.816250 0.037500 0.836250 0.022500 0.836250
0 0.033750 0.825000 0.043750 0.825000 0.043750 0.837500 0.033750 0.837500
0 0.042500 0.825000 0.052500 0.825000 0.052500 0.841250 0.042500 0.841250
0 0.070000 0.835000 0.085000 0.835000 0.085000 0.857500 0.070000 0.857500
0 0.080000 0.841250 0.091250 0.841250 0.091250 0.861250 0.080000 0.861250
0 0.102500 0.851250 0.117500 0.851250 0.117500 0.873750 0.102500 0.873750
0 0.093750 0.850000 0.107500 0.850000 0.107500 0.868750 0.093750 0.868750
0 0.162500 0.806250 0.176250 0.806250 0.176250 0.823750 0.162500 0.823750
0 0.146250 0.737500 0.161250 0.737500 0.161250 0.757500 0.146250 0.757500
0 0.161250 0.751250 0.173750 0.751250 0.173750 0.768750 0.161250 0.768750
0 0.165000 0.836250 0.178750 0.836250 0.178750 0.853750 0.165000 0.853750
0 0.176250 0.815000 0.191250 0.815000 0.191250 0.837500 0.176250 0.837500
0 0.177500 0.843750 0.192500 0.843750 0.192500 0.861250 0.177500 0.861250
0 0.192500 0.828750 0.203750 0.828750 0.203750 0.842500 0.192500 0.842500
0 0.185000 0.850000 0.198750 0.850000 0.198750 0.867500 0.185000 0.867500
0 0.198750 0.831250 0.211250 0.831250 0.211250 0.847500 0.198750 0.847500
0 0.191250 0.856250 0.207500 0.856250 0.207500 0.875000 0.191250 0.875000
0 0.196250 0.865000 0.213750 0.865000 0.213750 0.881250 0.196250 0.881250
0 0.203750 0.867500 0.221250 0.867500 0.221250 0.886250 0.203750 0.886250
0 0.211250 0.873750 0.227500 0.873750 0.227500 0.892500 0.211250 0.892500
0 0.222500 0.875000 0.237500 0.875000 0.237500 0.897500 0.222500 0.897500
0 0.210000 0.841250 0.226250 0.841250 0.226250 0.862500 0.210000 0.862500
0 0.218750 0.848750 0.233750 0.848750 0.233750 0.867500 0.218750 0.867500
0 0.235000 0.861250 0.246250 0.861250 0.246250 0.876250 0.235000 0.876250
0 0.240000 0.865000 0.253750 0.865000 0.253750 0.886250 0.240000 0.886250
0 0.246250 0.873750 0.258750 0.873750 0.258750 0.890000 0.246250 0.890000
0 0.191250 0.778750 0.210000 0.778750 0.210000 0.797500 0.191250 0.797500
0 0.201250 0.785000 0.216250 0.785000 0.216250 0.801250 0.201250 0.801250
0 0.208750 0.790000 0.223750 0.790000 0.223750 0.806250 0.208750 0.806250
0 0.215000 0.793750 0.230000 0.793750 0.230000 0.812500 0.215000 0.812500
0 0.223750 0.800000 0.236250 0.800000 0.236250 0.817500 0.223750 0.817500
0 0.241250 0.790000 0.252500 0.790000 0.252500 0.806250 0.241250 0.806250
0 0.227500 0.805000 0.242500 0.805000 0.242500 0.822500 0.227500 0.822500
0 0.248750 0.793750 0.261250 0.793750 0.261250 0.812500 0.248750 0.812500
0 0.242500 0.816250 0.257500 0.816250 0.257500 0.833750 0.242500 0.833750
0 0.236250 0.812500 0.251250 0.812500 0.251250 0.830000 0.236250 0.830000
0 0.600000 0.782500 0.621250 0.782500 0.621250 0.803750 0.600000 0.803750
0 0.545000 0.771250 0.578750 0.771250 0.578750 0.803750 0.545000 0.803750
0 0.270000 0.756250 0.283750 0.756250 0.283750 0.772500 0.270000 0.772500
0 0.276250 0.760000 0.291250 0.760000 0.291250 0.780000 0.276250 0.780000
0 0.283750 0.767500 0.298750 0.767500 0.298750 0.785000 0.283750 0.785000
0 0.292500 0.771250 0.306250 0.771250 0.306250 0.788750 0.292500 0.788750
0 0.298750 0.777500 0.315000 0.777500 0.315000 0.796250 0.298750 0.796250
0 0.306250 0.783750 0.321250 0.783750 0.321250 0.802500 0.306250 0.802500
0 0.313750 0.787500 0.327500 0.787500 0.327500 0.807500 0.313750 0.807500
0 0.322500 0.797500 0.336250 0.797500 0.336250 0.813750 0.322500 0.813750
0 0.327500 0.798750 0.343750 0.798750 0.343750 0.821250 0.327500 0.821250
0 0.336250 0.808750 0.351250 0.808750 0.351250 0.826250 0.336250 0.826250
0 0.343750 0.813750 0.361250 0.813750 0.361250 0.831250 0.343750 0.831250
0 0.355000 0.818750 0.367500 0.818750 0.367500 0.836250 0.355000 0.836250
0 0.361250 0.823750 0.373750 0.823750 0.373750 0.842500 0.361250 0.842500
0 0.372500 0.828750 0.385000 0.828750 0.385000 0.845000 0.372500 0.845000
0 0.496250 0.828750 0.518750 0.828750 0.518750 0.847500 0.496250 0.847500
0 0.255000 0.801250 0.268750 0.801250 0.268750 0.818750 0.255000 0.818750
0 0.253750 0.827500 0.272500 0.827500 0.272500 0.848750 0.253750 0.848750
0 0.282500 0.825000 0.297500 0.825000 0.297500 0.840000 0.282500 0.840000
0 0.270000 0.806250 0.285000 0.806250 0.285000 0.826250 0.270000 0.826250
0 0.270000 0.840000 0.283750 0.840000 0.283750 0.856250 0.270000 0.856250
0 0.276250 0.843750 0.293750 0.843750 0.293750 0.861250 0.276250 0.861250
0 0.283750 0.848750 0.300000 0.848750 0.300000 0.867500 0.283750 0.867500
0 0.296250 0.833750 0.311250 0.833750 0.311250 0.851250 0.296250 0.851250
0 0.310000 0.842500 0.327500 0.842500 0.327500 0.862500 0.310000 0.862500
0 0.298750 0.861250 0.312500 0.861250 0.312500 0.878750 0.298750 0.878750
0 0.321250 0.848750 0.338750 0.848750 0.338750 0.867500 0.321250 0.867500
0 0.306250 0.866250 0.322500 0.866250 0.322500 0.886250 0.306250 0.886250
0 0.383750 0.846250 0.396250 0.846250 0.396250 0.862500 0.383750 0.862500
0 0.390000 0.850000 0.402500 0.850000 0.402500 0.866250 0.390000 0.866250
0 0.396250 0.860000 0.408750 0.860000 0.408750 0.873750 0.396250 0.873750
0 0.402500 0.866250 0.415000 0.866250 0.415000 0.880000 0.402500 0.880000
0 0.407500 0.871250 0.421250 0.871250 0.421250 0.887500 0.407500 0.887500
0 0.415000 0.876250 0.430000 0.876250 0.430000 0.892500 0.415000 0.892500
0 0.431250 0.886250 0.445000 0.886250 0.445000 0.902500 0.431250 0.902500
0 0.435000 0.893750 0.448750 0.893750 0.448750 0.908750 0.435000 0.908750
0 0.443750 0.897500 0.457500 0.897500 0.457500 0.912500 0.443750 0.912500
0 0.450000 0.902500 0.463750 0.902500 0.463750 0.918750 0.450000 0.918750
0 0.458750 0.908750 0.470000 0.908750 0.470000 0.925000 0.458750 0.925000
0 0.465000 0.912500 0.478750 0.912500 0.478750 0.931250 0.465000 0.931250
0 0.470000 0.918750 0.486250 0.918750 0.486250 0.935000 0.470000 0.935000
0 0.486250 0.930000 0.500000 0.930000 0.500000 0.946250 0.486250 0.946250
0 0.493750 0.935000 0.506250 0.935000 0.506250 0.951250 0.493750 0.951250
0 0.498750 0.941250 0.515000 0.941250 0.515000 0.957500 0.498750 0.957500
0 0.512500 0.951250 0.530000 0.951250 0.530000 0.970000 0.512500 0.970000
0 0.521250 0.955000 0.536250 0.955000 0.536250 0.973750 0.521250 0.973750
0 0.535000 0.968750 0.550000 0.968750 0.550000 0.986250 0.535000 0.986250
0 0.541250 0.975000 0.557500 0.975000 0.557500 0.991250 0.541250 0.991250
0 0.555000 0.985000 0.571250 0.985000 0.571250 0.998750 0.555000 0.998750
0 0.353750 0.886250 0.368750 0.886250 0.368750 0.901250 0.353750 0.901250
0 0.368750 0.892500 0.383750 0.892500 0.383750 0.910000 0.368750 0.910000
0 0.350000 0.901250 0.366250 0.901250 0.366250 0.920000 0.350000 0.920000
0 0.365000 0.911250 0.380000 0.911250 0.380000 0.931250 0.365000 0.931250
0 0.377500 0.895000 0.393750 0.895000 0.393750 0.915000 0.377500 0.915000
0 0.385000 0.902500 0.398750 0.902500 0.398750 0.920000 0.385000 0.920000
0 0.390000 0.907500 0.405000 0.907500 0.405000 0.926250 0.390000 0.926250
0 0.397500 0.916250 0.410000 0.916250 0.410000 0.932500 0.397500 0.932500
0 0.405000 0.918750 0.420000 0.918750 0.420000 0.936250 0.405000 0.936250
0 0.412500 0.922500 0.427500 0.922500 0.427500 0.942500 0.412500 0.942500
0 0.418750 0.928750 0.433750 0.928750 0.433750 0.946250 0.418750 0.946250
0 0.426250 0.935000 0.440000 0.935000 0.440000 0.952500 0.426250 0.952500
0 0.432500 0.942500 0.447500 0.942500 0.447500 0.958750 0.432500 0.958750
0 0.440000 0.945000 0.455000 0.945000 0.455000 0.961250 0.440000 0.961250
0 0.446250 0.952500 0.461250 0.952500 0.461250 0.968750 0.446250 0.968750
0 0.372500 0.921250 0.386250 0.921250 0.386250 0.937500 0.372500 0.937500
0 0.380000 0.925000 0.396250 0.925000 0.396250 0.940000 0.380000 0.940000
0 0.393750 0.936250 0.406250 0.936250 0.406250 0.951250 0.393750 0.951250
0 0.400000 0.941250 0.413750 0.941250 0.413750 0.957500 0.400000 0.957500
0 0.413750 0.951250 0.428750 0.951250 0.428750 0.967500 0.413750 0.967500
0 0.427500 0.963750 0.442500 0.963750 0.442500 0.980000 0.427500 0.980000
0 0.431250 0.967500 0.447500 0.967500 0.447500 0.986250 0.431250 0.986250
0 0.441250 0.972500 0.456250 0.972500 0.456250 0.990000 0.441250 0.990000
0 0.453750 0.957500 0.467500 0.957500 0.467500 0.975000 0.453750 0.975000
0 0.460000 0.966250 0.476250 0.966250 0.476250 0.981250 0.460000 0.981250
0 0.447500 0.978750 0.462500 0.978750 0.462500 0.996250 0.447500 0.996250
0 0.468750 0.968750 0.482500 0.968750 0.482500 0.986250 0.468750 0.986250
0 0.476250 0.971250 0.491250 0.971250 0.491250 0.988750 0.476250 0.988750
0 0.488750 0.987500 0.503750 0.987500 0.503750 0.998750 0.488750 0.998750
0 0.323750 0.930000 0.342500 0.930000 0.342500 0.952500 0.323750 0.952500
0 0.332500 0.936250 0.347500 0.936250 0.347500 0.958750 0.332500 0.958750
0 0.338750 0.945000 0.353750 0.945000 0.353750 0.963750 0.338750 0.963750
0 0.353750 0.957500 0.366250 0.957500 0.366250 0.976250 0.353750 0.976250
0 0.357500 0.965000 0.375000 0.965000 0.375000 0.981250 0.357500 0.981250
0 0.366250 0.966250 0.382500 0.966250 0.382500 0.986250 0.366250 0.986250
0 0.373750 0.976250 0.387500 0.976250 0.387500 0.991250 0.373750 0.991250
0 0.381250 0.977500 0.396250 0.977500 0.396250 0.997500 0.381250 0.997500
