0 0.225000 0.126250 0.243750 0.126250 0.243750 0.132500 0.225000 0.132500
0 0.226250 0.135000 0.243750 0.135000 0.243750 0.142500 0.226250 0.142500
0 0.225000 0.147500 0.243750 0.147500 0.243750 0.156250 0.225000 0.156250
0 0.243750 0.102500 0.251250 0.102500 0.251250 0.118750 0.243750 0.118750
0 0.276250 0.102500 0.282500 0.102500 0.282500 0.118750 0.276250 0.118750
0 0.281250 0.105000 0.291250 0.105000 0.291250 0.120000 0.281250 0.120000
0 0.273750 0.156250 0.280000 0.156250 0.280000 0.171250 0.273750 0.171250
0 0.281250 0.158750 0.290000 0.158750 0.290000 0.172500 0.281250 0.172500
0 0.278750 0.196250 0.286250 0.196250 0.286250 0.208750 0.278750 0.208750
0 0.357500 0.196250 0.363750 0.196250 0.363750 0.208750 0.357500 0.208750
0 0.291250 0.156250 0.297500 0.156250 0.297500 0.172500 0.291250 0.172500
0 0.292500 0.138750 0.298750 0.138750 0.298750 0.153750 0.292500 0.153750
0 0.298750 0.156250 0.306250 0.156250 0.306250 0.172500 0.298750 0.172500
0 0.308750 0.155000 0.316250 0.155000 0.316250 0.172500 0.308750 0.172500
0 0.316250 0.155000 0.323750 0.155000 0.323750 0.172500 0.316250 0.172500
0 0.326250 0.156250 0.333750 0.156250 0.333750 0.172500 0.326250 0.172500
0 0.333750 0.156250 0.341250 0.156250 0.341250 0.173750 0.333750 0.173750
0 0.341250 0.156250 0.351250 0.156250 0.351250 0.172500 0.341250 0.172500
0 0.360000 0.158750 0.368750 0.158750 0.368750 0.172500 0.360000 0.172500
0 0.370000 0.156250 0.377500 0.156250 0.377500 0.171250 0.370000 0.171250
0 0.352500 0.137500 0.358750 0.137500 0.358750 0.152500 0.352500 0.152500
0 0.360000 0.138750 0.368750 0.138750 0.368750 0.153750 0.360000 0.153750
0 0.370000 0.138750 0.377500 0.138750 0.377500 0.155000 0.370000 0.155000
0 0.298750 0.105000 0.305000 0.105000 0.305000 0.118750 0.298750 0.118750
0 0.305000 0.105000 0.315000 0.105000 0.315000 0.120000 0.305000 0.120000
0 0.315000 0.106250 0.322500 0.106250 0.322500 0.120000 0.315000 0.120000
0 0.322500 0.105000 0.328750 0.105000 0.328750 0.120000 0.322500 0.120000
0 0.330000 0.102500 0.336250 0.102500 0.336250 0.120000 0.330000 0.120000
0 0.360000 0.106250 0.368750 0.106250 0.368750 0.120000 0.360000 0.120000
0 0.366250 0.105000 0.375000 0.105000 0.375000 0.123750 0.366250 0.123750
0 0.376250 0.105000 0.382500 0.105000 0.382500 0.120000 0.376250 0.120000
0 0.382500 0.106250 0.390000 0.106250 0.390000 0.120000 0.382500 0.120000
0 0.390000 0.105000 0.398750 0.105000 0.398750 0.120000 0.390000 0.120000
0 0.400000 0.102500 0.406250 0.102500 0.406250 0.118750 0.400000 0.118750
0 0.423750 0.106250 0.430000 0.106250 0.430000 0.120000 0.423750 0.120000
0 0.431250 0.106250 0.437500 0.106250 0.437500 0.123750 0.431250 0.123750
0 0.453750 0.105000 0.461250 0.105000 0.461250 0.120000 0.453750 0.120000
0 0.461250 0.105000 0.470000 0.105000 0.470000 0.120000 0.461250 0.120000
0 0.470000 0.105000 0.476250 0.105000 0.476250 0.120000 0.470000 0.120000
0 0.417500 0.141250 0.423750 0.141250 0.423750 0.156250 0.417500 0.156250
0 0.423750 0.137500 0.430000 0.137500 0.430000 0.156250 0.423750 0.156250
0 0.453750 0.141250 0.463750 0.141250 0.463750 0.156250 0.453750 0.156250
0 0.501250 0.138750 0.508750 0.138750 0.508750 0.155000 0.501250 0.155000
0 0.508750 0.137500 0.517500 0.137500 0.517500 0.155000 0.508750 0.155000
0 0.593750 0.046250 0.611250 0.046250 0.611250 0.055000 0.593750 0.055000
0 0.473750 0.156250 0.482500 0.156250 0.482500 0.172500 0.473750 0.172500
0 0.491250 0.156250 0.500000 0.156250 0.500000 0.173750 0.491250 0.173750
0 0.501250 0.156250 0.508750 0.156250 0.508750 0.172500 0.501250 0.172500
0 0.496250 0.192500 0.503750 0.192500 0.503750 0.208750 0.496250 0.208750
0 0.538750 0.191250 0.547500 0.191250 0.547500 0.207500 0.538750 0.207500
0 0.548750 0.191250 0.555000 0.191250 0.555000 0.208750 0.548750 0.208750
0 0.557500 0.190000 0.566250 0.190000 0.566250 0.208750 0.557500 0.208750
0 0.566250 0.190000 0.573750 0.190000 0.573750 0.212500 0.566250 0.212500
0 0.575000 0.191250 0.585000 0.191250 0.585000 0.208750 0.575000 0.208750
0 0.578750 0.100000 0.586250 0.100000 0.586250 0.122500 0.578750 0.122500
0 0.586250 0.100000 0.593750 0.100000 0.593750 0.116250 0.586250 0.116250
0 0.573750 0.136250 0.580000 0.136250 0.580000 0.152500 0.573750 0.152500
0 0.572500 0.160000 0.580000 0.160000 0.580000 0.173750 0.572500 0.173750
0 0.580000 0.158750 0.590000 0.158750 0.590000 0.176250 0.580000 0.176250
0 0.581250 0.136250 0.590000 0.136250 0.590000 0.152500 0.581250 0.152500
0 0.587500 0.136250 0.597500 0.136250 0.597500 0.153750 0.587500 0.153750
0 0.598750 0.136250 0.605000 0.136250 0.605000 0.153750 0.598750 0.153750
0 0.616250 0.156250 0.622500 0.156250 0.622500 0.176250 0.616250 0.176250
0 0.615000 0.137500 0.623750 0.137500 0.623750 0.153750 0.615000 0.153750
0 0.632500 0.137500 0.640000 0.137500 0.640000 0.153750 0.632500 0.153750
0 0.643750 0.137500 0.647500 0.137500 0.647500 0.153750 0.643750 0.153750
0 0.622500 0.158750 0.632500 0.158750 0.632500 0.176250 0.622500 0.176250
0 0.650000 0.156250 0.657500 0.156250 0.657500 0.172500 0.650000 0.172500
0 0.651250 0.137500 0.657500 0.137500 0.657500 0.153750 0.651250 0.153750
0 0.676250 0.101250 0.683750 0.101250 0.683750 0.116250 0.676250 0.116250
0 0.640000 0.180000 0.686250 0.180000 0.686250 0.191250 0.640000 0.191250
0 0.700000 0.148750 0.707500 0.148750 0.707500 0.161250 0.700000 0.161250
0 0.728750 0.101250 0.736250 0.101250 0.736250 0.113750 0.728750 0.113750
0 0.753750 0.135000 0.761250 0.135000 0.761250 0.152500 0.753750 0.152500
0 0.730000 0.132500 0.737500 0.132500 0.737500 0.150000 0.730000 0.150000
0 0.725000 0.136250 0.730000 0.136250 0.730000 0.148750 0.725000 0.148750
0 0.740000 0.135000 0.746250 0.135000 0.746250 0.148750 0.740000 0.148750
0 0.753750 0.101250 0.761250 0.101250 0.761250 0.117500 0.753750 0.117500
0 0.763750 0.101250 0.771250 0.101250 0.771250 0.118750 0.763750 0.118750
0 0.771250 0.101250 0.781250 0.101250 0.781250 0.118750 0.771250 0.118750
0 0.800000 0.102500 0.806250 0.102500 0.806250 0.117500 0.800000 0.117500
0 0.800000 0.137500 0.807500 0.137500 0.807500 0.153750 0.800000 0.153750
0 0.785000 0.138750 0.793750 0.138750 0.793750 0.155000 0.785000 0.155000
0 0.777500 0.136250 0.785000 0.136250 0.785000 0.150000 0.777500 0.150000
0 0.815000 0.135000 0.825000 0.135000 0.825000 0.153750 0.815000 0.153750
0 0.841250 0.105000 0.850000 0.105000 0.850000 0.118750 0.841250 0.118750
0 0.860000 0.101250 0.867500 0.101250 0.867500 0.117500 0.860000 0.117500
0 0.867500 0.100000 0.875000 0.100000 0.875000 0.117500 0.867500 0.117500
0 0.885000 0.101250 0.892500 0.101250 0.892500 0.118750 0.885000 0.118750
0 0.895000 0.102500 0.901250 0.102500 0.901250 0.117500 0.895000 0.117500
0 0.921250 0.101250 0.927500 0.101250 0.927500 0.116250 0.921250 0.116250
0 0.931250 0.101250 0.938750 0.101250 0.938750 0.122500 0.931250 0.122500
0 0.982500 0.012500 0.992500 0.012500 0.992500 0.030000 0.982500 0.030000
0 0.615000 0.101250 0.622500 0.101250 0.622500 0.118750 0.615000 0.118750
0 0.622500 0.101250 0.632500 0.101250 0.632500 0.117500 0.622500 0.117500
0 0.647500 0.101250 0.656250 0.101250 0.656250 0.116250 0.647500 0.116250
0 0.815000 0.098750 0.823750 0.098750 0.823750 0.117500 0.815000 0.117500
0 0.825000 0.101250 0.831250 0.101250 0.831250 0.116250 0.825000 0.116250
