1 0.080000 0.286250 0.122500 0.286250 0.122500 0.393750 0.080000 0.393750
1 0.610000 0.256250 0.715000 0.256250 0.715000 0.338750 0.610000 0.338750
1 0.118750 0.585000 0.198750 0.585000 0.198750 0.715000 0.118750 0.715000
0 0.632500 0.882500 0.668750 0.882500 0.668750 0.906250 0.632500 0.906250
0 0.111250 0.883750 0.148750 0.883750 0.148750 0.902500 0.111250 0.902500
1 0.208750 0.603750 0.286250 0.603750 0.286250 0.718750 0.208750 0.718750
1 0.301250 0.607500 0.383750 0.607500 0.383750 0.723750 0.301250 0.723750
1 0.418750 0.610000 0.462500 0.610000 0.462500 0.725000 0.418750 0.725000
1 0.478750 0.608750 0.558750 0.608750 0.558750 0.731250 0.478750 0.731250
1 0.568750 0.615000 0.616250 0.615000 0.616250 0.733750 0.568750 0.733750
1 0.136250 0.286250 0.206250 0.286250 0.206250 0.403750 0.136250 0.403750
1 0.213750 0.288750 0.251250 0.288750 0.251250 0.393750 0.213750 0.393750
1 0.282500 0.286250 0.352500 0.286250 0.352500 0.385000 0.282500 0.385000
1 0.355000 0.287500 0.423750 0.287500 0.423750 0.391250 0.355000 0.391250
1 0.428750 0.287500 0.467500 0.287500 0.467500 0.395000 0.428750 0.395000
1 0.523750 0.286250 0.565000 0.286250 0.565000 0.386250 0.523750 0.386250
1 0.573750 0.287500 0.603750 0.287500 0.603750 0.392500 0.573750 0.392500
1 0.607500 0.198750 0.715000 0.198750 0.715000 0.248750 0.607500 0.248750
1 0.611250 0.110000 0.705000 0.110000 0.705000 0.162500 0.611250 0.162500
1 0.612500 0.043750 0.688750 0.043750 0.688750 0.092500 0.612500 0.092500
