1 0.086250 0.312500 0.142500 0.312500 0.142500 0.438750 0.086250 0.438750
1 0.026250 0.558750 0.405000 0.558750 0.405000 0.822500 0.026250 0.822500
1 0.212500 0.450000 0.486250 0.450000 0.486250 0.677500 0.212500 0.677500
1 0.275000 0.262500 0.590000 0.262500 0.590000 0.526250 0.275000 0.526250
1 0.401250 0.123750 0.666250 0.123750 0.666250 0.322500 0.401250 0.322500
1 0.496250 0.001250 0.787500 0.001250 0.787500 0.226250 0.496250 0.226250
1 0.741250 0.005000 0.848750 0.005000 0.848750 0.085000 0.741250 0.085000
1 0.778750 0.060000 0.998750 0.060000 0.998750 0.301250 0.778750 0.301250
1 0.662500 0.241250 0.997500 0.241250 0.997500 0.517500 0.662500 0.517500
1 0.552500 0.440000 0.902500 0.440000 0.902500 0.745000 0.552500 0.745000
1 0.445000 0.588750 0.763750 0.588750 0.763750 0.886250 0.445000 0.886250
1 0.332500 0.755000 0.606250 0.755000 0.606250 0.992500 0.332500 0.992500
0 0.070000 0.230000 0.086250 0.230000 0.086250 0.246250 0.070000 0.246250
0 0.055000 0.262500 0.068750 0.262500 0.068750 0.276250 0.055000 0.276250
0 0.033750 0.216250 0.050000 0.216250 0.050000 0.236250 0.033750 0.236250
0 0.021250 0.215000 0.028750 0.215000 0.028750 0.232500 0.021250 0.232500
0 0.018750 0.177500 0.035000 0.177500 0.035000 0.195000 0.018750 0.195000
0 0.047500 0.111250 0.061250 0.111250 0.061250 0.126250 0.047500 0.126250
