1 0.277500 0.083750 0.402500 0.083750 0.402500 0.190000 0.277500 0.190000
1 0.657500 0.386250 0.801250 0.386250 0.801250 0.468750 0.657500 0.468750
1 0.437500 0.121250 0.607500 0.121250 0.607500 0.652500 0.437500 0.652500
1 0.382500 0.551250 0.478750 0.551250 0.478750 0.672500 0.382500 0.672500
1 0.663750 0.861250 0.798750 0.861250 0.798750 0.946250 0.663750 0.946250
1 0.402500 0.740000 0.536250 0.740000 0.536250 0.808750 0.402500 0.808750
1 0.426250 0.863750 0.551250 0.863750 0.551250 0.952500 0.426250 0.952500
1 0.223750 0.292500 0.315000 0.292500 0.315000 0.365000 0.223750 0.365000
1 0.678750 0.515000 0.807500 0.515000 0.807500 0.711250 0.678750 0.711250
1 0.685000 0.763750 0.778750 0.763750 0.778750 0.827500 0.685000 0.827500
1 0.671250 0.306250 0.807500 0.306250 0.807500 0.357500 0.671250 0.357500
0 0.072500 0.861250 0.107500 0.861250 0.107500 0.873750 0.072500 0.873750
0 0.102500 0.758750 0.120000 0.758750 0.120000 0.790000 0.102500 0.790000
1 0.098750 0.093750 0.261250 0.093750 0.261250 0.201250 0.098750 0.201250
1 0.152500 0.235000 0.277500 0.235000 0.277500 0.282500 0.152500 0.282500
1 0.252500 0.357500 0.363750 0.357500 0.363750 0.431250 0.252500 0.431250
