0 0.130000 0.955000 0.150000 0.955000 0.150000 0.990000 0.130000 0.990000
0 0.267500 0.868750 0.286250 0.868750 0.286250 0.902500 0.267500 0.902500
0 0.278750 0.865000 0.300000 0.865000 0.300000 0.896250 0.278750 0.896250
0 0.273750 0.917500 0.298750 0.917500 0.298750 0.937500 0.273750 0.937500
0 0.217500 0.965000 0.241250 0.965000 0.241250 0.998750 0.217500 0.998750
0 0.231250 0.960000 0.255000 0.960000 0.255000 0.996250 0.231250 0.996250
0 0.246250 0.955000 0.265000 0.955000 0.265000 0.986250 0.246250 0.986250
0 0.261250 0.948750 0.280000 0.948750 0.280000 0.980000 0.261250 0.980000
0 0.273750 0.946250 0.292500 0.946250 0.292500 0.976250 0.273750 0.976250
0 0.376250 0.875000 0.405000 0.875000 0.405000 0.900000 0.376250 0.900000
0 0.335000 0.916250 0.361250 0.916250 0.361250 0.938750 0.335000 0.938750
0 0.362500 0.910000 0.387500 0.910000 0.387500 0.926250 0.362500 0.926250
0 0.392500 0.813750 0.411250 0.813750 0.411250 0.840000 0.392500 0.840000
0 0.413750 0.811250 0.430000 0.811250 0.430000 0.840000 0.413750 0.840000
0 0.426250 0.803750 0.443750 0.803750 0.443750 0.832500 0.426250 0.832500
0 0.437500 0.798750 0.457500 0.798750 0.457500 0.828750 0.437500 0.828750
0 0.346250 0.933750 0.371250 0.933750 0.371250 0.948750 0.346250 0.948750
0 0.368750 0.923750 0.388750 0.923750 0.388750 0.942500 0.368750 0.942500
0 0.350000 0.946250 0.375000 0.946250 0.375000 0.963750 0.350000 0.963750
0 0.376250 0.938750 0.400000 0.938750 0.400000 0.955000 0.376250 0.955000
0 0.352500 0.961250 0.380000 0.961250 0.380000 0.976250 0.352500 0.976250
0 0.380000 0.948750 0.403750 0.948750 0.403750 0.966250 0.380000 0.966250
0 0.358750 0.977500 0.383750 0.977500 0.383750 0.991250 0.358750 0.991250
0 0.386250 0.965000 0.408750 0.965000 0.408750 0.977500 0.386250 0.977500
0 0.388750 0.975000 0.408750 0.975000 0.408750 0.993750 0.388750 0.993750
0 0.365000 0.988750 0.385000 0.988750 0.385000 0.998750 0.365000 0.998750
0 0.420000 0.883750 0.443750 0.883750 0.443750 0.900000 0.420000 0.900000
0 0.425000 0.901250 0.450000 0.901250 0.450000 0.917500 0.425000 0.917500
0 0.445000 0.875000 0.468750 0.875000 0.468750 0.893750 0.445000 0.893750
0 0.453750 0.888750 0.480000 0.888750 0.480000 0.906250 0.453750 0.906250
0 0.853750 0.621250 0.873750 0.621250 0.873750 0.648750 0.853750 0.648750
0 0.845000 0.631250 0.863750 0.631250 0.863750 0.656250 0.845000 0.656250
0 0.830000 0.633750 0.846250 0.633750 0.846250 0.655000 0.830000 0.655000
0 0.816250 0.640000 0.836250 0.640000 0.836250 0.665000 0.816250 0.665000
0 0.805000 0.643750 0.821250 0.643750 0.821250 0.667500 0.805000 0.667500
0 0.788750 0.650000 0.807500 0.650000 0.807500 0.676250 0.788750 0.676250
0 0.777500 0.657500 0.798750 0.657500 0.798750 0.685000 0.777500 0.685000
0 0.761250 0.656250 0.782500 0.656250 0.782500 0.686250 0.761250 0.686250
0 0.751250 0.665000 0.770000 0.665000 0.770000 0.688750 0.751250 0.688750
0 0.736250 0.670000 0.757500 0.670000 0.757500 0.698750 0.736250 0.698750
0 0.722500 0.677500 0.742500 0.677500 0.742500 0.705000 0.722500 0.705000
0 0.712500 0.685000 0.730000 0.685000 0.730000 0.712500 0.712500 0.712500
0 0.697500 0.687500 0.716250 0.687500 0.716250 0.715000 0.697500 0.715000
0 0.686250 0.696250 0.703750 0.696250 0.703750 0.720000 0.686250 0.720000
0 0.675000 0.698750 0.691250 0.698750 0.691250 0.726250 0.675000 0.726250
0 0.660000 0.703750 0.678750 0.703750 0.678750 0.731250 0.660000 0.731250
0 0.647500 0.707500 0.662500 0.707500 0.662500 0.735000 0.647500 0.735000
0 0.632500 0.713750 0.650000 0.713750 0.650000 0.740000 0.632500 0.740000
0 0.618750 0.718750 0.638750 0.718750 0.638750 0.743750 0.618750 0.743750
0 0.943750 0.631250 0.971250 0.631250 0.971250 0.650000 0.943750 0.650000
0 0.951250 0.645000 0.973750 0.645000 0.973750 0.661250 0.951250 0.661250
0 0.961250 0.660000 0.981250 0.660000 0.981250 0.672500 0.961250 0.672500
0 0.971250 0.672500 0.988750 0.672500 0.988750 0.687500 0.971250 0.687500
0 0.976250 0.696250 0.998750 0.696250 0.998750 0.713750 0.976250 0.713750
0 0.890000 0.687500 0.917500 0.687500 0.917500 0.703750 0.890000 0.703750
0 0.863750 0.698750 0.887500 0.698750 0.887500 0.715000 0.863750 0.715000
0 0.872500 0.713750 0.893750 0.713750 0.893750 0.727500 0.872500 0.727500
0 0.898750 0.705000 0.917500 0.705000 0.917500 0.717500 0.898750 0.717500
0 0.873750 0.725000 0.900000 0.725000 0.900000 0.741250 0.873750 0.741250
0 0.902500 0.715000 0.923750 0.715000 0.923750 0.730000 0.902500 0.730000
0 0.906250 0.728750 0.931250 0.728750 0.931250 0.743750 0.906250 0.743750
0 0.885000 0.740000 0.902500 0.740000 0.902500 0.752500 0.885000 0.752500
0 0.887500 0.750000 0.912500 0.750000 0.912500 0.766250 0.887500 0.766250
0 0.915000 0.740000 0.940000 0.740000 0.940000 0.755000 0.915000 0.755000
0 0.918750 0.751250 0.945000 0.751250 0.945000 0.768750 0.918750 0.768750
0 0.923750 0.763750 0.951250 0.763750 0.951250 0.780000 0.923750 0.780000
0 0.898750 0.775000 0.921250 0.775000 0.921250 0.795000 0.898750 0.795000
0 0.905000 0.792500 0.925000 0.792500 0.925000 0.805000 0.905000 0.805000
0 0.907500 0.805000 0.931250 0.805000 0.931250 0.818750 0.907500 0.818750
0 0.912500 0.815000 0.936250 0.815000 0.936250 0.833750 0.912500 0.833750
0 0.928750 0.782500 0.951250 0.782500 0.951250 0.797500 0.928750 0.797500
0 0.938750 0.791250 0.956250 0.791250 0.956250 0.807500 0.938750 0.807500
0 0.980000 0.845000 0.997500 0.845000 0.997500 0.875000 0.980000 0.875000
0 0.802500 0.725000 0.822500 0.725000 0.822500 0.738750 0.802500 0.738750
0 0.775000 0.736250 0.798750 0.736250 0.798750 0.751250 0.775000 0.751250
0 0.810000 0.740000 0.828750 0.740000 0.828750 0.750000 0.810000 0.750000
0 0.782500 0.751250 0.806250 0.751250 0.806250 0.762500 0.782500 0.762500
0 0.790000 0.763750 0.807500 0.763750 0.807500 0.775000 0.790000 0.775000
0 0.812500 0.752500 0.836250 0.752500 0.836250 0.767500 0.812500 0.767500
0 0.818750 0.763750 0.846250 0.763750 0.846250 0.782500 0.818750 0.782500
0 0.793750 0.787500 0.818750 0.787500 0.818750 0.807500 0.793750 0.807500
0 0.821250 0.777500 0.855000 0.777500 0.855000 0.797500 0.821250 0.797500
0 0.826250 0.792500 0.853750 0.792500 0.853750 0.810000 0.826250 0.810000
0 0.810000 0.816250 0.831250 0.816250 0.831250 0.832500 0.810000 0.832500
0 0.835000 0.806250 0.858750 0.806250 0.858750 0.822500 0.835000 0.822500
0 0.813750 0.827500 0.836250 0.827500 0.836250 0.843750 0.813750 0.843750
0 0.841250 0.818750 0.860000 0.818750 0.860000 0.833750 0.841250 0.833750
0 0.976250 0.957500 0.998750 0.957500 0.998750 0.977500 0.976250 0.977500
0 0.906250 0.975000 0.928750 0.975000 0.928750 0.991250 0.906250 0.991250
0 0.881250 0.985000 0.901250 0.985000 0.901250 0.998750 0.881250 0.998750
0 0.908750 0.988750 0.931250 0.988750 0.931250 0.998750 0.908750 0.998750
0 0.872500 0.973750 0.897500 0.973750 0.897500 0.990000 0.872500 0.990000
0 0.903750 0.961250 0.927500 0.961250 0.927500 0.980000 0.903750 0.980000
0 0.895000 0.947500 0.918750 0.947500 0.918750 0.965000 0.895000 0.965000
0 0.866250 0.957500 0.890000 0.957500 0.890000 0.973750 0.866250 0.973750
0 0.861250 0.945000 0.886250 0.945000 0.886250 0.961250 0.861250 0.961250
0 0.891250 0.931250 0.915000 0.931250 0.915000 0.947500 0.891250 0.947500
0 0.885000 0.918750 0.908750 0.918750 0.908750 0.933750 0.885000 0.933750
0 0.856250 0.930000 0.881250 0.930000 0.881250 0.948750 0.856250 0.948750
0 0.885000 0.906250 0.905000 0.906250 0.905000 0.921250 0.885000 0.921250
0 0.850000 0.918750 0.871250 0.918750 0.871250 0.932500 0.850000 0.932500
0 0.875000 0.892500 0.900000 0.892500 0.900000 0.911250 0.875000 0.911250
0 0.847500 0.907500 0.868750 0.907500 0.868750 0.920000 0.847500 0.920000
0 0.842500 0.895000 0.862500 0.895000 0.862500 0.908750 0.842500 0.908750
0 0.870000 0.882500 0.893750 0.882500 0.893750 0.897500 0.870000 0.897500
0 0.836250 0.878750 0.858750 0.878750 0.858750 0.895000 0.836250 0.895000
0 0.863750 0.868750 0.885000 0.868750 0.885000 0.890000 0.863750 0.890000
0 0.827500 0.863750 0.847500 0.863750 0.847500 0.882500 0.827500 0.882500
0 0.822500 0.852500 0.841250 0.852500 0.841250 0.872500 0.822500 0.872500
0 0.842500 0.831250 0.867500 0.831250 0.867500 0.848750 0.842500 0.848750
0 0.850000 0.843750 0.873750 0.843750 0.873750 0.861250 0.850000 0.861250
0 0.597500 0.738750 0.615000 0.738750 0.615000 0.761250 0.597500 0.761250
0 0.715000 0.766250 0.738750 0.766250 0.738750 0.777500 0.715000 0.777500
0 0.682500 0.771250 0.705000 0.771250 0.705000 0.787500 0.682500 0.787500
0 0.688750 0.787500 0.713750 0.787500 0.713750 0.802500 0.688750 0.802500
0 0.725000 0.790000 0.750000 0.790000 0.750000 0.806250 0.725000 0.806250
0 0.705000 0.813750 0.727500 0.813750 0.727500 0.830000 0.705000 0.830000
0 0.731250 0.806250 0.755000 0.806250 0.755000 0.818750 0.731250 0.818750
0 0.703750 0.830000 0.731250 0.830000 0.731250 0.842500 0.703750 0.842500
0 0.730000 0.818750 0.758750 0.818750 0.758750 0.832500 0.730000 0.832500
0 0.710000 0.842500 0.737500 0.842500 0.737500 0.857500 0.710000 0.857500
0 0.737500 0.830000 0.763750 0.830000 0.763750 0.847500 0.737500 0.847500
0 0.716250 0.852500 0.742500 0.852500 0.742500 0.870000 0.716250 0.870000
0 0.746250 0.843750 0.768750 0.843750 0.768750 0.856250 0.746250 0.856250
0 0.748750 0.856250 0.771250 0.856250 0.771250 0.871250 0.748750 0.871250
0 0.727500 0.881250 0.755000 0.881250 0.755000 0.895000 0.727500 0.895000
0 0.757500 0.870000 0.777500 0.870000 0.777500 0.887500 0.757500 0.887500
0 0.735000 0.892500 0.761250 0.892500 0.761250 0.908750 0.735000 0.908750
0 0.768750 0.896250 0.787500 0.896250 0.787500 0.907500 0.768750 0.907500
0 0.742500 0.920000 0.767500 0.920000 0.767500 0.933750 0.742500 0.933750
0 0.740000 0.903750 0.763750 0.903750 0.763750 0.920000 0.740000 0.920000
0 0.766250 0.900000 0.802500 0.900000 0.802500 0.926250 0.766250 0.926250
0 0.776250 0.921250 0.801250 0.921250 0.801250 0.936250 0.776250 0.936250
0 0.750000 0.933750 0.777500 0.933750 0.777500 0.946250 0.750000 0.946250
0 0.756250 0.946250 0.777500 0.946250 0.777500 0.957500 0.756250 0.957500
0 0.781250 0.932500 0.808750 0.932500 0.808750 0.950000 0.781250 0.950000
0 0.788750 0.943750 0.811250 0.943750 0.811250 0.962500 0.788750 0.962500
0 0.762500 0.958750 0.786250 0.958750 0.786250 0.976250 0.762500 0.976250
0 0.796250 0.957500 0.822500 0.957500 0.822500 0.975000 0.796250 0.975000
0 0.766250 0.970000 0.792500 0.970000 0.792500 0.987500 0.766250 0.987500
0 0.582500 0.742500 0.600000 0.742500 0.600000 0.765000 0.582500 0.765000
0 0.568750 0.741250 0.586250 0.741250 0.586250 0.768750 0.568750 0.768750
0 0.555000 0.751250 0.575000 0.751250 0.575000 0.775000 0.555000 0.775000
0 0.541250 0.753750 0.562500 0.753750 0.562500 0.782500 0.541250 0.782500
0 0.530000 0.761250 0.547500 0.761250 0.547500 0.786250 0.530000 0.786250
0 0.518750 0.768750 0.536250 0.768750 0.536250 0.793750 0.518750 0.793750
0 0.502500 0.770000 0.523750 0.770000 0.523750 0.797500 0.502500 0.797500
0 0.490000 0.777500 0.510000 0.777500 0.510000 0.805000 0.490000 0.805000
0 0.477500 0.786250 0.497500 0.786250 0.497500 0.812500 0.477500 0.812500
0 0.462500 0.787500 0.485000 0.787500 0.485000 0.821250 0.462500 0.821250
0 0.451250 0.792500 0.468750 0.792500 0.468750 0.822500 0.451250 0.822500
0 0.622500 0.802500 0.645000 0.802500 0.645000 0.818750 0.622500 0.818750
0 0.592500 0.812500 0.617500 0.812500 0.617500 0.830000 0.592500 0.830000
0 0.630000 0.815000 0.655000 0.815000 0.655000 0.828750 0.630000 0.828750
0 0.600000 0.827500 0.626250 0.827500 0.626250 0.843750 0.600000 0.843750
0 0.460000 0.900000 0.486250 0.900000 0.486250 0.916250 0.460000 0.916250
0 0.442500 0.937500 0.468750 0.937500 0.468750 0.953750 0.442500 0.953750
0 0.466250 0.915000 0.488750 0.915000 0.488750 0.928750 0.466250 0.928750
0 0.472500 0.927500 0.496250 0.927500 0.496250 0.942500 0.472500 0.942500
0 0.448750 0.952500 0.472500 0.952500 0.472500 0.965000 0.448750 0.965000
0 0.453750 0.961250 0.480000 0.961250 0.480000 0.980000 0.453750 0.980000
0 0.455000 0.976250 0.486250 0.976250 0.486250 0.990000 0.455000 0.990000
0 0.478750 0.938750 0.502500 0.938750 0.502500 0.952500 0.478750 0.952500
0 0.481250 0.956250 0.503750 0.956250 0.503750 0.971250 0.481250 0.971250
0 0.496250 0.977500 0.518750 0.977500 0.518750 0.992500 0.496250 0.992500
0 0.498750 0.848750 0.532500 0.848750 0.532500 0.867500 0.498750 0.867500
0 0.532500 0.828750 0.565000 0.828750 0.565000 0.851250 0.532500 0.851250
0 0.510000 0.860000 0.537500 0.860000 0.537500 0.881250 0.510000 0.881250
0 0.541250 0.853750 0.565000 0.853750 0.565000 0.868750 0.541250 0.868750
0 0.517500 0.873750 0.541250 0.873750 0.541250 0.892500 0.517500 0.892500
0 0.545000 0.862500 0.570000 0.862500 0.570000 0.882500 0.545000 0.882500
0 0.522500 0.888750 0.545000 0.888750 0.545000 0.905000 0.522500 0.905000
0 0.551250 0.877500 0.575000 0.877500 0.575000 0.895000 0.551250 0.895000
0 0.528750 0.897500 0.552500 0.897500 0.552500 0.915000 0.528750 0.915000
0 0.553750 0.887500 0.577500 0.887500 0.577500 0.905000 0.553750 0.905000
0 0.531250 0.915000 0.558750 0.915000 0.558750 0.931250 0.531250 0.931250
0 0.542500 0.941250 0.568750 0.941250 0.568750 0.960000 0.542500 0.960000
0 0.552500 0.953750 0.571250 0.953750 0.571250 0.971250 0.552500 0.971250
0 0.556250 0.967500 0.581250 0.967500 0.581250 0.986250 0.556250 0.986250
0 0.561250 0.978750 0.587500 0.978750 0.587500 0.996250 0.561250 0.996250
0 0.558750 0.906250 0.582500 0.906250 0.582500 0.922500 0.558750 0.922500
0 0.565000 0.918750 0.586250 0.918750 0.586250 0.931250 0.565000 0.931250
0 0.538750 0.922500 0.566250 0.922500 0.566250 0.946250 0.538750 0.946250
0 0.571250 0.926250 0.596250 0.926250 0.596250 0.945000 0.571250 0.945000
0 0.576250 0.945000 0.605000 0.945000 0.605000 0.961250 0.576250 0.961250
0 0.585000 0.958750 0.607500 0.958750 0.607500 0.975000 0.585000 0.975000
0 0.588750 0.971250 0.608750 0.971250 0.608750 0.985000 0.588750 0.985000
0 0.607500 0.840000 0.632500 0.840000 0.632500 0.856250 0.607500 0.856250
0 0.631250 0.828750 0.658750 0.828750 0.658750 0.843750 0.631250 0.843750
0 0.636250 0.842500 0.660000 0.842500 0.660000 0.858750 0.636250 0.858750
0 0.607500 0.855000 0.632500 0.855000 0.632500 0.872500 0.607500 0.872500
0 0.612500 0.866250 0.637500 0.866250 0.637500 0.883750 0.612500 0.883750
0 0.638750 0.853750 0.663750 0.853750 0.663750 0.872500 0.638750 0.872500
0 0.645000 0.867500 0.675000 0.867500 0.675000 0.885000 0.645000 0.885000
0 0.617500 0.881250 0.643750 0.881250 0.643750 0.893750 0.617500 0.893750
0 0.628750 0.893750 0.652500 0.893750 0.652500 0.910000 0.628750 0.910000
0 0.652500 0.877500 0.678750 0.877500 0.678750 0.898750 0.652500 0.898750
0 0.628750 0.901250 0.653750 0.901250 0.653750 0.921250 0.628750 0.921250
0 0.657500 0.890000 0.682500 0.890000 0.682500 0.911250 0.657500 0.911250
0 0.637500 0.918750 0.660000 0.918750 0.660000 0.935000 0.637500 0.935000
0 0.641250 0.927500 0.668750 0.927500 0.668750 0.946250 0.641250 0.946250
0 0.648750 0.938750 0.672500 0.938750 0.672500 0.958750 0.648750 0.958750
0 0.656250 0.958750 0.680000 0.958750 0.680000 0.975000 0.656250 0.975000
0 0.660000 0.971250 0.683750 0.971250 0.683750 0.987500 0.660000 0.987500
0 0.667500 0.986250 0.688750 0.986250 0.688750 0.996250 0.667500 0.996250
0 0.665000 0.906250 0.690000 0.906250 0.690000 0.923750 0.665000 0.923750
0 0.668750 0.920000 0.696250 0.920000 0.696250 0.936250 0.668750 0.936250
0 0.676250 0.930000 0.702500 0.930000 0.702500 0.948750 0.676250 0.948750
0 0.681250 0.945000 0.705000 0.945000 0.705000 0.962500 0.681250 0.962500
0 0.258750 0.122500 0.290000 0.122500 0.290000 0.142500 0.258750 0.142500
0 0.868750 0.616250 0.886250 0.616250 0.886250 0.643750 0.868750 0.643750
0 0.881250 0.611250 0.900000 0.611250 0.900000 0.637500 0.881250 0.637500
0 0.892500 0.605000 0.911250 0.605000 0.911250 0.631250 0.892500 0.631250
0 0.911250 0.600000 0.928750 0.600000 0.928750 0.627500 0.911250 0.627500
0 0.937500 0.616250 0.966250 0.616250 0.966250 0.636250 0.937500 0.636250
