1 0.171250 0.540000 0.227500 0.540000 0.227500 0.583750 0.171250 0.583750
1 0.137500 0.693750 0.162500 0.693750 0.162500 0.710000 0.137500 0.710000
1 0.226250 0.727500 0.281250 0.727500 0.281250 0.763750 0.226250 0.763750
1 0.297500 0.692500 0.326250 0.692500 0.326250 0.715000 0.297500 0.715000
1 0.367500 0.656250 0.383750 0.656250 0.383750 0.667500 0.367500 0.667500
1 0.405000 0.591250 0.431250 0.591250 0.431250 0.631250 0.405000 0.631250
1 0.622500 0.786250 0.635000 0.786250 0.635000 0.800000 0.622500 0.800000
1 0.673750 0.750000 0.686250 0.750000 0.686250 0.763750 0.673750 0.763750
1 0.798750 0.933750 0.808750 0.933750 0.808750 0.943750 0.798750 0.943750
1 0.812500 0.400000 0.833750 0.400000 0.833750 0.446250 0.812500 0.446250
1 0.807500 0.462500 0.831250 0.462500 0.831250 0.520000 0.807500 0.520000
1 0.375000 0.388750 0.418750 0.388750 0.418750 0.426250 0.375000 0.426250
1 0.288750 0.160000 0.467500 0.160000 0.467500 0.267500 0.288750 0.267500
1 0.500000 0.278750 0.540000 0.278750 0.540000 0.301250 0.500000 0.301250
1 0.620000 0.765000 0.767500 0.765000 0.767500 0.868750 0.620000 0.868750
1 0.951250 0.828750 0.987500 0.828750 0.987500 0.893750 0.951250 0.893750
1 0.952500 0.573750 0.996250 0.573750 0.996250 0.615000 0.952500 0.615000
