0 0.012500 0.215000 0.032500 0.215000 0.032500 0.230000 0.012500 0.230000
0 0.005000 0.238750 0.022500 0.238750 0.022500 0.250000 0.005000 0.250000
0 0.065000 0.243750 0.082500 0.243750 0.082500 0.256250 0.065000 0.256250
0 0.168750 0.412500 0.183750 0.412500 0.183750 0.433750 0.168750 0.433750
0 0.131250 0.440000 0.147500 0.440000 0.147500 0.460000 0.131250 0.460000
0 0.168750 0.442500 0.182500 0.442500 0.182500 0.460000 0.168750 0.460000
0 0.137500 0.491250 0.148750 0.491250 0.148750 0.503750 0.137500 0.503750
0 0.100000 0.518750 0.113750 0.518750 0.113750 0.536250 0.100000 0.536250
0 0.166250 0.503750 0.190000 0.503750 0.190000 0.520000 0.166250 0.520000
0 0.196250 0.440000 0.218750 0.440000 0.218750 0.455000 0.196250 0.455000
0 0.161250 0.520000 0.177500 0.520000 0.177500 0.531250 0.161250 0.531250
0 0.156250 0.530000 0.172500 0.530000 0.172500 0.540000 0.156250 0.540000
0 0.150000 0.537500 0.168750 0.537500 0.168750 0.551250 0.150000 0.551250
0 0.188750 0.447500 0.218750 0.447500 0.218750 0.465000 0.188750 0.465000
0 0.111250 0.495000 0.128750 0.495000 0.128750 0.513750 0.111250 0.513750
0 0.105000 0.503750 0.120000 0.503750 0.120000 0.521250 0.105000 0.521250
0 0.226250 0.487500 0.242500 0.487500 0.242500 0.497500 0.226250 0.497500
0 0.057500 0.262500 0.068750 0.262500 0.068750 0.280000 0.057500 0.280000
0 0.191250 0.560000 0.207500 0.560000 0.207500 0.571250 0.191250 0.571250
0 0.185000 0.572500 0.202500 0.572500 0.202500 0.583750 0.185000 0.583750
0 0.183750 0.581250 0.200000 0.581250 0.200000 0.592500 0.183750 0.592500
0 0.102500 0.551250 0.120000 0.551250 0.120000 0.572500 0.102500 0.572500
0 0.005000 0.572500 0.016250 0.572500 0.016250 0.592500 0.005000 0.592500
0 0.000000 0.611250 0.018750 0.611250 0.018750 0.626250 0.000000 0.626250
0 0.030000 0.623750 0.048750 0.623750 0.048750 0.637500 0.030000 0.637500
0 0.051250 0.632500 0.071250 0.632500 0.071250 0.645000 0.051250 0.645000
0 0.070000 0.652500 0.082500 0.652500 0.082500 0.670000 0.070000 0.670000
0 0.081250 0.657500 0.093750 0.657500 0.093750 0.675000 0.081250 0.675000
0 0.102500 0.700000 0.113750 0.700000 0.113750 0.717500 0.102500 0.717500
0 0.077500 0.721250 0.095000 0.721250 0.095000 0.735000 0.077500 0.735000
0 0.012500 0.772500 0.032500 0.772500 0.032500 0.793750 0.012500 0.793750
0 0.033750 0.802500 0.048750 0.802500 0.048750 0.817500 0.033750 0.817500
0 0.083750 0.791250 0.098750 0.791250 0.098750 0.811250 0.083750 0.811250
0 0.112500 0.766250 0.131250 0.766250 0.131250 0.781250 0.112500 0.781250
0 0.252500 0.793750 0.267500 0.793750 0.267500 0.813750 0.252500 0.813750
0 0.297500 0.772500 0.316250 0.772500 0.316250 0.800000 0.297500 0.800000
0 0.327500 0.721250 0.345000 0.721250 0.345000 0.742500 0.327500 0.742500
0 0.343750 0.693750 0.358750 0.693750 0.358750 0.715000 0.343750 0.715000
0 0.345000 0.623750 0.360000 0.623750 0.360000 0.645000 0.345000 0.645000
0 0.356250 0.596250 0.376250 0.596250 0.376250 0.622500 0.356250 0.622500
0 0.371250 0.571250 0.390000 0.571250 0.390000 0.593750 0.371250 0.593750
0 0.423750 0.476250 0.440000 0.476250 0.440000 0.496250 0.423750 0.496250
0 0.435000 0.452500 0.453750 0.452500 0.453750 0.473750 0.435000 0.473750
0 0.470000 0.553750 0.490000 0.553750 0.490000 0.568750 0.470000 0.568750
0 0.467500 0.396250 0.482500 0.396250 0.482500 0.416250 0.467500 0.416250
0 0.477500 0.376250 0.493750 0.376250 0.493750 0.396250 0.477500 0.396250
0 0.506250 0.323750 0.521250 0.323750 0.521250 0.345000 0.506250 0.345000
0 0.501250 0.401250 0.518750 0.401250 0.518750 0.422500 0.501250 0.422500
0 0.540000 0.341250 0.556250 0.341250 0.556250 0.358750 0.540000 0.358750
0 0.553750 0.327500 0.567500 0.327500 0.567500 0.343750 0.553750 0.343750
0 0.553750 0.305000 0.572500 0.305000 0.572500 0.322500 0.553750 0.322500
0 0.493750 0.273750 0.513750 0.273750 0.513750 0.291250 0.493750 0.291250
0 0.483750 0.168750 0.502500 0.168750 0.502500 0.186250 0.483750 0.186250
0 0.472500 0.003750 0.487500 0.003750 0.487500 0.018750 0.472500 0.018750
0 0.572500 0.030000 0.587500 0.030000 0.587500 0.047500 0.572500 0.047500
0 0.757500 0.095000 0.775000 0.095000 0.775000 0.113750 0.757500 0.113750
0 0.820000 0.046250 0.842500 0.046250 0.842500 0.068750 0.820000 0.068750
0 0.850000 0.018750 0.868750 0.018750 0.868750 0.036250 0.850000 0.036250
0 0.871250 0.005000 0.886250 0.005000 0.886250 0.018750 0.871250 0.018750
0 0.737500 0.308750 0.753750 0.308750 0.753750 0.330000 0.737500 0.330000
0 0.723750 0.336250 0.736250 0.336250 0.736250 0.358750 0.723750 0.358750
0 0.751250 0.336250 0.763750 0.336250 0.763750 0.357500 0.751250 0.357500
0 0.747500 0.363750 0.761250 0.363750 0.761250 0.382500 0.747500 0.382500
0 0.742500 0.386250 0.757500 0.386250 0.757500 0.406250 0.742500 0.406250
0 0.770000 0.390000 0.783750 0.390000 0.783750 0.410000 0.770000 0.410000
0 0.788750 0.358750 0.808750 0.358750 0.808750 0.370000 0.788750 0.370000
0 0.777500 0.412500 0.791250 0.412500 0.791250 0.435000 0.777500 0.435000
0 0.785000 0.437500 0.797500 0.437500 0.797500 0.457500 0.785000 0.457500
0 0.793750 0.465000 0.806250 0.465000 0.806250 0.485000 0.793750 0.485000
0 0.800000 0.495000 0.811250 0.495000 0.811250 0.515000 0.800000 0.515000
0 0.805000 0.521250 0.815000 0.521250 0.815000 0.540000 0.805000 0.540000
0 0.807500 0.548750 0.817500 0.548750 0.817500 0.566250 0.807500 0.566250
0 0.812500 0.592500 0.825000 0.592500 0.825000 0.620000 0.812500 0.620000
0 0.815000 0.693750 0.830000 0.693750 0.830000 0.712500 0.815000 0.712500
0 0.602500 0.868750 0.615000 0.868750 0.615000 0.886250 0.602500 0.886250
0 0.607500 0.896250 0.628750 0.896250 0.628750 0.910000 0.607500 0.910000
0 0.691250 0.948750 0.707500 0.948750 0.707500 0.961250 0.691250 0.961250
0 0.751250 0.943750 0.770000 0.943750 0.770000 0.957500 0.751250 0.957500
0 0.776250 0.952500 0.797500 0.952500 0.797500 0.967500 0.776250 0.967500
0 0.758750 0.970000 0.772500 0.970000 0.772500 0.981250 0.758750 0.981250
0 0.807500 0.962500 0.826250 0.962500 0.826250 0.975000 0.807500 0.975000
0 0.871250 0.976250 0.881250 0.976250 0.881250 0.992500 0.871250 0.992500
0 0.877500 0.955000 0.890000 0.955000 0.890000 0.972500 0.877500 0.972500
0 0.873750 0.910000 0.885000 0.910000 0.885000 0.926250 0.873750 0.926250
0 0.905000 0.885000 0.921250 0.885000 0.921250 0.907500 0.905000 0.907500
0 0.856250 0.883750 0.875000 0.883750 0.875000 0.892500 0.856250 0.892500
0 0.898750 0.847500 0.911250 0.847500 0.911250 0.867500 0.898750 0.867500
0 0.908750 0.828750 0.921250 0.828750 0.921250 0.848750 0.908750 0.848750
0 0.937500 0.825000 0.948750 0.825000 0.948750 0.838750 0.937500 0.838750
0 0.948750 0.797500 0.961250 0.797500 0.961250 0.815000 0.948750 0.815000
0 0.985000 0.723750 0.997500 0.723750 0.997500 0.741250 0.985000 0.741250
0 0.442500 0.512500 0.458750 0.512500 0.458750 0.532500 0.442500 0.532500
0 0.185000 0.663750 0.203750 0.663750 0.203750 0.677500 0.185000 0.677500
0 0.263750 0.697500 0.290000 0.697500 0.290000 0.716250 0.263750 0.716250
