0 0.980000 0.941250 0.995000 0.941250 0.995000 0.958750 0.980000 0.958750
0 0.960000 0.945000 0.981250 0.945000 0.981250 0.963750 0.960000 0.963750
0 0.941250 0.947500 0.966250 0.947500 0.966250 0.970000 0.941250 0.970000
0 0.927500 0.955000 0.945000 0.955000 0.945000 0.971250 0.927500 0.971250
0 0.906250 0.958750 0.928750 0.958750 0.928750 0.976250 0.906250 0.976250
0 0.826250 0.977500 0.847500 0.977500 0.847500 0.995000 0.826250 0.995000
0 0.810000 0.982500 0.828750 0.982500 0.828750 0.997500 0.810000 0.997500
0 0.660000 0.942500 0.676250 0.942500 0.676250 0.963750 0.660000 0.963750
0 0.708750 0.921250 0.728750 0.921250 0.728750 0.942500 0.708750 0.942500
0 0.657500 0.920000 0.676250 0.920000 0.676250 0.946250 0.657500 0.946250
0 0.708750 0.896250 0.726250 0.896250 0.726250 0.918750 0.708750 0.918750
0 0.651250 0.905000 0.670000 0.905000 0.670000 0.930000 0.651250 0.930000
0 0.643750 0.871250 0.661250 0.871250 0.661250 0.892500 0.643750 0.892500
0 0.650000 0.883750 0.670000 0.883750 0.670000 0.907500 0.650000 0.907500
0 0.697500 0.887500 0.711250 0.887500 0.711250 0.902500 0.697500 0.902500
0 0.635000 0.837500 0.651250 0.837500 0.651250 0.856250 0.635000 0.856250
0 0.637500 0.853750 0.653750 0.853750 0.653750 0.872500 0.637500 0.872500
0 0.623750 0.786250 0.637500 0.786250 0.637500 0.803750 0.623750 0.803750
0 0.620000 0.770000 0.635000 0.770000 0.635000 0.791250 0.620000 0.791250
0 0.618750 0.751250 0.631250 0.751250 0.631250 0.772500 0.618750 0.772500
0 0.657500 0.700000 0.682500 0.700000 0.682500 0.723750 0.657500 0.723750
0 0.606250 0.706250 0.622500 0.706250 0.622500 0.727500 0.606250 0.727500
0 0.655000 0.688750 0.676250 0.688750 0.676250 0.708750 0.655000 0.708750
0 0.603750 0.692500 0.621250 0.692500 0.621250 0.711250 0.603750 0.711250
0 0.653750 0.668750 0.673750 0.668750 0.673750 0.692500 0.653750 0.692500
0 0.645000 0.635000 0.663750 0.635000 0.663750 0.657500 0.645000 0.657500
0 0.598750 0.672500 0.616250 0.672500 0.616250 0.695000 0.598750 0.695000
0 0.592500 0.657500 0.610000 0.657500 0.610000 0.678750 0.592500 0.678750
0 0.636250 0.601250 0.655000 0.601250 0.655000 0.627500 0.636250 0.627500
0 0.630000 0.586250 0.651250 0.586250 0.651250 0.608750 0.630000 0.608750
0 0.622500 0.545000 0.645000 0.545000 0.645000 0.572500 0.622500 0.572500
0 0.615000 0.513750 0.638750 0.513750 0.638750 0.538750 0.615000 0.538750
0 0.611250 0.497500 0.631250 0.497500 0.631250 0.520000 0.611250 0.520000
0 0.606250 0.480000 0.625000 0.480000 0.625000 0.503750 0.606250 0.503750
0 0.395000 0.580000 0.411250 0.580000 0.411250 0.607500 0.395000 0.607500
0 0.410000 0.576250 0.428750 0.576250 0.428750 0.603750 0.410000 0.603750
0 0.415000 0.603750 0.428750 0.603750 0.428750 0.627500 0.415000 0.627500
0 0.443750 0.570000 0.457500 0.570000 0.457500 0.592500 0.443750 0.592500
0 0.428750 0.595000 0.450000 0.595000 0.450000 0.622500 0.428750 0.622500
0 0.465000 0.591250 0.480000 0.591250 0.480000 0.613750 0.465000 0.613750
0 0.475000 0.565000 0.490000 0.565000 0.490000 0.590000 0.475000 0.590000
0 0.448750 0.587500 0.467500 0.587500 0.467500 0.615000 0.448750 0.615000
0 0.547500 0.466250 0.562500 0.466250 0.562500 0.486250 0.547500 0.486250
0 0.541250 0.446250 0.560000 0.446250 0.560000 0.470000 0.541250 0.470000
0 0.537500 0.428750 0.556250 0.428750 0.556250 0.453750 0.537500 0.453750
0 0.533750 0.410000 0.550000 0.410000 0.550000 0.432500 0.533750 0.432500
0 0.532500 0.400000 0.542500 0.400000 0.542500 0.417500 0.532500 0.417500
0 0.525000 0.380000 0.542500 0.380000 0.542500 0.400000 0.525000 0.400000
0 0.522500 0.362500 0.537500 0.362500 0.537500 0.378750 0.522500 0.378750
0 0.517500 0.340000 0.537500 0.340000 0.537500 0.365000 0.517500 0.365000
0 0.512500 0.325000 0.531250 0.325000 0.531250 0.347500 0.512500 0.347500
0 0.507500 0.307500 0.527500 0.307500 0.527500 0.332500 0.507500 0.332500
0 0.493750 0.245000 0.511250 0.245000 0.511250 0.266250 0.493750 0.266250
0 0.745000 0.151250 0.765000 0.151250 0.765000 0.168750 0.745000 0.168750
0 0.706250 0.158750 0.725000 0.158750 0.725000 0.176250 0.706250 0.176250
0 0.686250 0.166250 0.705000 0.166250 0.705000 0.180000 0.686250 0.180000
0 0.671250 0.171250 0.688750 0.171250 0.688750 0.186250 0.671250 0.186250
0 0.647500 0.173750 0.670000 0.173750 0.670000 0.193750 0.647500 0.193750
0 0.635000 0.180000 0.656250 0.180000 0.656250 0.195000 0.635000 0.195000
0 0.618750 0.183750 0.638750 0.183750 0.638750 0.198750 0.618750 0.198750
0 0.597500 0.186250 0.622500 0.186250 0.622500 0.205000 0.597500 0.205000
0 0.835000 0.261250 0.856250 0.261250 0.856250 0.275000 0.835000 0.275000
0 0.877500 0.180000 0.903750 0.180000 0.903750 0.195000 0.877500 0.195000
0 0.845000 0.131250 0.866250 0.131250 0.866250 0.145000 0.845000 0.145000
0 0.895000 0.140000 0.926250 0.140000 0.926250 0.156250 0.895000 0.156250
0 0.857500 0.127500 0.878750 0.127500 0.878750 0.141250 0.857500 0.141250
0 0.875000 0.121250 0.895000 0.121250 0.895000 0.137500 0.875000 0.137500
0 0.895000 0.115000 0.915000 0.115000 0.915000 0.132500 0.895000 0.132500
0 0.903750 0.111250 0.931250 0.111250 0.931250 0.128750 0.903750 0.128750
0 0.926250 0.107500 0.948750 0.107500 0.948750 0.126250 0.926250 0.126250
0 0.941250 0.102500 0.963750 0.102500 0.963750 0.120000 0.941250 0.120000
0 0.960000 0.100000 0.980000 0.100000 0.980000 0.117500 0.960000 0.117500
0 0.580000 0.358750 0.597500 0.358750 0.597500 0.386250 0.580000 0.386250
0 0.830000 0.461250 0.853750 0.461250 0.853750 0.486250 0.830000 0.486250
0 0.453750 0.085000 0.472500 0.085000 0.472500 0.112500 0.453750 0.112500
0 0.476250 0.178750 0.492500 0.178750 0.492500 0.197500 0.476250 0.197500
0 0.503750 0.065000 0.522500 0.065000 0.522500 0.087500 0.503750 0.087500
0 0.510000 0.078750 0.528750 0.078750 0.528750 0.098750 0.510000 0.098750
0 0.521250 0.128750 0.542500 0.128750 0.542500 0.155000 0.521250 0.155000
0 0.528750 0.148750 0.547500 0.148750 0.547500 0.172500 0.528750 0.172500
0 0.027500 0.383750 0.045000 0.383750 0.045000 0.402500 0.027500 0.402500
0 0.032500 0.397500 0.047500 0.397500 0.047500 0.416250 0.032500 0.416250
0 0.035000 0.416250 0.057500 0.416250 0.057500 0.436250 0.035000 0.436250
0 0.552500 0.278750 0.567500 0.278750 0.567500 0.303750 0.552500 0.303750
