0 0.791250 0.047500 0.812500 0.047500 0.812500 0.062500 0.791250 0.062500
0 0.802500 0.002500 0.818750 0.002500 0.818750 0.016250 0.802500 0.016250
0 0.888750 0.081250 0.905000 0.081250 0.905000 0.096250 0.888750 0.096250
0 0.905000 0.090000 0.922500 0.090000 0.922500 0.106250 0.905000 0.106250
0 0.945000 0.112500 0.963750 0.112500 0.963750 0.128750 0.945000 0.128750
0 0.980000 0.130000 0.997500 0.130000 0.997500 0.146250 0.980000 0.146250
0 0.875000 0.086250 0.888750 0.086250 0.888750 0.100000 0.875000 0.100000
0 0.875000 0.100000 0.892500 0.100000 0.892500 0.112500 0.875000 0.112500
0 0.921250 0.123750 0.940000 0.123750 0.940000 0.137500 0.921250 0.137500
0 0.938750 0.135000 0.958750 0.135000 0.958750 0.148750 0.938750 0.148750
0 0.853750 0.065000 0.872500 0.065000 0.872500 0.077500 0.853750 0.077500
0 0.716250 0.053750 0.727500 0.053750 0.727500 0.070000 0.716250 0.070000
0 0.700000 0.048750 0.711250 0.048750 0.711250 0.065000 0.700000 0.065000
0 0.765000 0.063750 0.772500 0.063750 0.772500 0.082500 0.765000 0.082500
0 0.748750 0.072500 0.763750 0.072500 0.763750 0.087500 0.748750 0.087500
0 0.973750 0.186250 0.988750 0.186250 0.988750 0.206250 0.973750 0.206250
0 0.620000 0.003750 0.638750 0.003750 0.638750 0.016250 0.620000 0.016250
0 0.613750 0.023750 0.628750 0.023750 0.628750 0.035000 0.613750 0.035000
0 0.585000 0.006250 0.601250 0.006250 0.601250 0.021250 0.585000 0.021250
0 0.387500 0.138750 0.403750 0.138750 0.403750 0.155000 0.387500 0.155000
0 0.392500 0.153750 0.410000 0.153750 0.410000 0.167500 0.392500 0.167500
0 0.448750 0.197500 0.467500 0.197500 0.467500 0.213750 0.448750 0.213750
0 0.346250 0.186250 0.363750 0.186250 0.363750 0.197500 0.346250 0.197500
0 0.437500 0.222500 0.455000 0.222500 0.455000 0.236250 0.437500 0.236250
0 0.435000 0.237500 0.452500 0.237500 0.452500 0.250000 0.435000 0.250000
0 0.320000 0.335000 0.330000 0.335000 0.330000 0.352500 0.320000 0.352500
0 0.311250 0.335000 0.320000 0.335000 0.320000 0.352500 0.311250 0.352500
0 0.326250 0.351250 0.336250 0.351250 0.336250 0.368750 0.326250 0.368750
0 0.380000 0.363750 0.390000 0.363750 0.390000 0.381250 0.380000 0.381250
0 0.388750 0.371250 0.398750 0.371250 0.398750 0.387500 0.388750 0.387500
0 0.407500 0.381250 0.420000 0.381250 0.420000 0.400000 0.407500 0.400000
0 0.488750 0.436250 0.507500 0.436250 0.507500 0.452500 0.488750 0.452500
0 0.566250 0.485000 0.573750 0.485000 0.573750 0.506250 0.566250 0.506250
0 0.563750 0.298750 0.585000 0.298750 0.585000 0.310000 0.563750 0.310000
0 0.563750 0.310000 0.583750 0.310000 0.583750 0.321250 0.563750 0.321250
0 0.607500 0.530000 0.616250 0.530000 0.616250 0.547500 0.607500 0.547500
0 0.590000 0.563750 0.607500 0.563750 0.607500 0.578750 0.590000 0.578750
0 0.661250 0.585000 0.680000 0.585000 0.680000 0.597500 0.661250 0.597500
0 0.711250 0.556250 0.718750 0.556250 0.718750 0.573750 0.711250 0.573750
0 0.721250 0.566250 0.731250 0.566250 0.731250 0.583750 0.721250 0.583750
0 0.737500 0.590000 0.758750 0.590000 0.758750 0.603750 0.737500 0.603750
0 0.706250 0.598750 0.718750 0.598750 0.718750 0.610000 0.706250 0.610000
0 0.767500 0.615000 0.783750 0.615000 0.783750 0.626250 0.767500 0.626250
0 0.788750 0.620000 0.807500 0.620000 0.807500 0.632500 0.788750 0.632500
0 0.680000 0.623750 0.692500 0.623750 0.692500 0.633750 0.680000 0.633750
0 0.631250 0.605000 0.645000 0.605000 0.645000 0.621250 0.631250 0.621250
0 0.938750 0.482500 0.951250 0.482500 0.951250 0.501250 0.938750 0.501250
0 0.985000 0.512500 0.997500 0.512500 0.997500 0.530000 0.985000 0.530000
0 0.911250 0.722500 0.920000 0.722500 0.920000 0.740000 0.911250 0.740000
0 0.910000 0.740000 0.918750 0.740000 0.918750 0.757500 0.910000 0.757500
0 0.933750 0.716250 0.940000 0.716250 0.940000 0.728750 0.933750 0.728750
0 0.931250 0.781250 0.938750 0.781250 0.938750 0.801250 0.931250 0.801250
0 0.955000 0.781250 0.963750 0.781250 0.963750 0.801250 0.955000 0.801250
0 0.905000 0.801250 0.915000 0.801250 0.915000 0.820000 0.905000 0.820000
0 0.946250 0.820000 0.965000 0.820000 0.965000 0.832500 0.946250 0.832500
0 0.905000 0.823750 0.915000 0.823750 0.915000 0.841250 0.905000 0.841250
0 0.901250 0.888750 0.910000 0.888750 0.910000 0.907500 0.901250 0.907500
0 0.901250 0.908750 0.910000 0.908750 0.910000 0.928750 0.901250 0.928750
0 0.901250 0.927500 0.908750 0.927500 0.908750 0.946250 0.901250 0.946250
0 0.897500 0.943750 0.908750 0.943750 0.908750 0.961250 0.897500 0.961250
0 0.937500 0.963750 0.948750 0.963750 0.948750 0.985000 0.937500 0.985000
0 0.897500 0.980000 0.908750 0.980000 0.908750 0.998750 0.897500 0.998750
0 0.861250 0.641250 0.880000 0.641250 0.880000 0.653750 0.861250 0.653750
0 0.028750 0.122500 0.040000 0.122500 0.040000 0.142500 0.028750 0.142500
0 0.047500 0.088750 0.060000 0.088750 0.060000 0.106250 0.047500 0.106250
0 0.077500 0.130000 0.090000 0.130000 0.090000 0.147500 0.077500 0.147500
0 0.088750 0.136250 0.098750 0.136250 0.098750 0.152500 0.088750 0.152500
0 0.095000 0.146250 0.102500 0.146250 0.102500 0.161250 0.095000 0.161250
0 0.101250 0.160000 0.120000 0.160000 0.120000 0.172500 0.101250 0.172500
0 0.040000 0.188750 0.052500 0.188750 0.052500 0.206250 0.040000 0.206250
0 0.025000 0.192500 0.040000 0.192500 0.040000 0.208750 0.025000 0.208750
0 0.048750 0.218750 0.058750 0.218750 0.058750 0.232500 0.048750 0.232500
0 0.062500 0.216250 0.070000 0.216250 0.070000 0.233750 0.062500 0.233750
0 0.220000 0.326250 0.236250 0.326250 0.236250 0.341250 0.220000 0.341250
0 0.213750 0.332500 0.231250 0.332500 0.231250 0.346250 0.213750 0.346250
0 0.298750 0.381250 0.313750 0.381250 0.313750 0.395000 0.298750 0.395000
0 0.008750 0.553750 0.022500 0.553750 0.022500 0.566250 0.008750 0.566250
0 0.035000 0.567500 0.053750 0.567500 0.053750 0.580000 0.035000 0.580000
0 0.016250 0.580000 0.030000 0.580000 0.030000 0.591250 0.016250 0.591250
0 0.028750 0.575000 0.046250 0.575000 0.046250 0.586250 0.028750 0.586250
0 0.057500 0.578750 0.072500 0.578750 0.072500 0.592500 0.057500 0.592500
0 0.087500 0.596250 0.101250 0.596250 0.101250 0.605000 0.087500 0.605000
0 0.101250 0.602500 0.120000 0.602500 0.120000 0.616250 0.101250 0.616250
0 0.143750 0.578750 0.160000 0.578750 0.160000 0.592500 0.143750 0.592500
0 0.138750 0.601250 0.155000 0.601250 0.155000 0.615000 0.138750 0.615000
0 0.126250 0.647500 0.135000 0.647500 0.135000 0.665000 0.126250 0.665000
0 0.118750 0.670000 0.131250 0.670000 0.131250 0.687500 0.118750 0.687500
0 0.180000 0.610000 0.195000 0.610000 0.195000 0.621250 0.180000 0.621250
0 0.138750 0.692500 0.155000 0.692500 0.155000 0.710000 0.138750 0.710000
0 0.161250 0.710000 0.177500 0.710000 0.177500 0.727500 0.161250 0.727500
0 0.178750 0.686250 0.195000 0.686250 0.195000 0.700000 0.178750 0.700000
0 0.196250 0.697500 0.212500 0.697500 0.212500 0.712500 0.196250 0.712500
0 0.088750 0.727500 0.100000 0.727500 0.100000 0.741250 0.088750 0.741250
0 0.053750 0.832500 0.065000 0.832500 0.065000 0.851250 0.053750 0.851250
0 0.105000 0.783750 0.120000 0.783750 0.120000 0.797500 0.105000 0.797500
0 0.125000 0.771250 0.135000 0.771250 0.135000 0.787500 0.125000 0.787500
0 0.122500 0.707500 0.130000 0.707500 0.130000 0.727500 0.122500 0.727500
0 0.126250 0.698750 0.138750 0.698750 0.138750 0.715000 0.126250 0.715000
0 0.111250 0.722500 0.123750 0.722500 0.123750 0.740000 0.111250 0.740000
0 0.028750 0.772500 0.041250 0.772500 0.041250 0.788750 0.028750 0.788750
0 0.017500 0.781250 0.033750 0.781250 0.033750 0.793750 0.017500 0.793750
