0 0.412500 0.706250 0.430000 0.706250 0.430000 0.718750 0.412500 0.718750
0 0.186250 0.782500 0.201250 0.782500 0.201250 0.795000 0.186250 0.795000
0 0.855000 0.677500 0.867500 0.677500 0.867500 0.693750 0.855000 0.693750
0 0.698750 0.401250 0.706250 0.401250 0.706250 0.413750 0.698750 0.413750
0 0.825000 0.230000 0.841250 0.230000 0.841250 0.245000 0.825000 0.245000
0 0.766250 0.933750 0.778750 0.933750 0.778750 0.945000 0.766250 0.945000
0 0.478750 0.356250 0.496250 0.356250 0.496250 0.375000 0.478750 0.375000
0 0.592500 0.417500 0.602500 0.417500 0.602500 0.431250 0.592500 0.431250
0 0.308750 0.850000 0.321250 0.850000 0.321250 0.858750 0.308750 0.858750
0 0.326250 0.868750 0.340000 0.868750 0.340000 0.881250 0.326250 0.881250
0 0.422500 0.892500 0.435000 0.892500 0.435000 0.905000 0.422500 0.905000
0 0.373750 0.896250 0.387500 0.896250 0.387500 0.907500 0.373750 0.907500
0 0.396250 0.901250 0.412500 0.901250 0.412500 0.910000 0.396250 0.910000
0 0.447500 0.927500 0.461250 0.927500 0.461250 0.938750 0.447500 0.938750
0 0.450000 0.940000 0.463750 0.940000 0.463750 0.948750 0.450000 0.948750
0 0.143750 0.101250 0.158750 0.101250 0.158750 0.116250 0.143750 0.116250
0 0.138750 0.108750 0.150000 0.108750 0.150000 0.120000 0.138750 0.120000
0 0.137500 0.120000 0.150000 0.120000 0.150000 0.132500 0.137500 0.132500
0 0.101250 0.305000 0.112500 0.305000 0.112500 0.322500 0.101250 0.322500
0 0.136250 0.326250 0.146250 0.326250 0.146250 0.341250 0.136250 0.341250
0 0.153750 0.336250 0.165000 0.336250 0.165000 0.351250 0.153750 0.351250
0 0.160000 0.340000 0.171250 0.340000 0.171250 0.353750 0.160000 0.353750
0 0.117500 0.358750 0.132500 0.358750 0.132500 0.368750 0.117500 0.368750
0 0.135000 0.365000 0.148750 0.365000 0.148750 0.376250 0.135000 0.376250
0 0.183750 0.396250 0.195000 0.396250 0.195000 0.407500 0.183750 0.407500
0 0.195000 0.403750 0.212500 0.403750 0.212500 0.417500 0.195000 0.417500
0 0.210000 0.413750 0.220000 0.413750 0.220000 0.425000 0.210000 0.425000
0 0.221250 0.425000 0.238750 0.425000 0.238750 0.436250 0.221250 0.436250
0 0.233750 0.433750 0.250000 0.433750 0.250000 0.446250 0.233750 0.446250
0 0.376250 0.422500 0.387500 0.422500 0.387500 0.436250 0.376250 0.436250
0 0.472500 0.326250 0.483750 0.326250 0.483750 0.340000 0.472500 0.340000
0 0.476250 0.316250 0.488750 0.316250 0.488750 0.327500 0.476250 0.327500
0 0.515000 0.256250 0.527500 0.256250 0.527500 0.268750 0.515000 0.268750
0 0.823750 0.041250 0.835000 0.041250 0.835000 0.051250 0.823750 0.051250
0 0.817500 0.055000 0.826250 0.055000 0.826250 0.062500 0.817500 0.062500
0 0.812500 0.065000 0.821250 0.065000 0.821250 0.075000 0.812500 0.075000
0 0.772500 0.125000 0.783750 0.125000 0.783750 0.135000 0.772500 0.135000
0 0.766250 0.137500 0.777500 0.137500 0.777500 0.142500 0.766250 0.142500
0 0.765000 0.180000 0.776250 0.180000 0.776250 0.192500 0.765000 0.192500
0 0.778750 0.191250 0.791250 0.191250 0.791250 0.202500 0.778750 0.202500
0 0.790000 0.303750 0.805000 0.303750 0.805000 0.316250 0.790000 0.316250
0 0.801250 0.230000 0.813750 0.230000 0.813750 0.242500 0.801250 0.242500
0 0.801250 0.293750 0.812500 0.293750 0.812500 0.302500 0.801250 0.302500
0 0.808750 0.275000 0.823750 0.275000 0.823750 0.282500 0.808750 0.282500
0 0.830000 0.297500 0.841250 0.297500 0.841250 0.310000 0.830000 0.310000
0 0.573750 0.232500 0.583750 0.232500 0.583750 0.245000 0.573750 0.245000
0 0.897500 0.290000 0.911250 0.290000 0.911250 0.302500 0.897500 0.302500
0 0.981250 0.155000 0.993750 0.155000 0.993750 0.162500 0.981250 0.162500
0 0.982500 0.148750 0.995000 0.148750 0.995000 0.156250 0.982500 0.156250
0 0.987500 0.195000 0.993750 0.195000 0.993750 0.207500 0.987500 0.207500
0 0.976250 0.327500 0.992500 0.327500 0.992500 0.338750 0.976250 0.338750
0 0.620000 0.571250 0.635000 0.571250 0.635000 0.580000 0.620000 0.580000
0 0.675000 0.607500 0.686250 0.607500 0.686250 0.615000 0.675000 0.615000
0 0.975000 0.783750 0.987500 0.783750 0.987500 0.796250 0.975000 0.796250
0 0.981250 0.610000 0.992500 0.610000 0.992500 0.627500 0.981250 0.627500
0 0.921250 0.880000 0.933750 0.880000 0.933750 0.891250 0.921250 0.891250
0 0.946250 0.896250 0.958750 0.896250 0.958750 0.907500 0.946250 0.907500
0 0.772500 0.915000 0.783750 0.915000 0.783750 0.926250 0.772500 0.926250
0 0.961250 0.877500 0.972500 0.877500 0.972500 0.888750 0.961250 0.888750
0 0.790000 0.877500 0.797500 0.877500 0.797500 0.891250 0.790000 0.891250
0 0.806250 0.942500 0.818750 0.942500 0.818750 0.952500 0.806250 0.952500
0 0.801250 0.950000 0.812500 0.950000 0.812500 0.958750 0.801250 0.958750
0 0.761250 0.946250 0.772500 0.946250 0.772500 0.955000 0.761250 0.955000
0 0.755000 0.951250 0.767500 0.951250 0.767500 0.961250 0.755000 0.961250
0 0.817500 0.915000 0.830000 0.915000 0.830000 0.925000 0.817500 0.925000
0 0.811250 0.927500 0.823750 0.927500 0.823750 0.938750 0.811250 0.938750
0 0.772500 0.700000 0.785000 0.700000 0.785000 0.711250 0.772500 0.711250
0 0.718750 0.662500 0.730000 0.662500 0.730000 0.680000 0.718750 0.680000
0 0.592500 0.831250 0.608750 0.831250 0.608750 0.842500 0.592500 0.842500
0 0.302500 0.888750 0.316250 0.888750 0.316250 0.898750 0.302500 0.898750
0 0.297500 0.897500 0.311250 0.897500 0.311250 0.907500 0.297500 0.907500
0 0.298750 0.903750 0.310000 0.903750 0.310000 0.913750 0.298750 0.913750
0 0.291250 0.913750 0.300000 0.913750 0.300000 0.922500 0.291250 0.922500
0 0.278750 0.925000 0.293750 0.925000 0.293750 0.937500 0.278750 0.937500
0 0.275000 0.937500 0.287500 0.937500 0.287500 0.948750 0.275000 0.948750
0 0.267500 0.943750 0.280000 0.943750 0.280000 0.952500 0.267500 0.952500
0 0.066250 0.616250 0.077500 0.616250 0.077500 0.632500 0.066250 0.632500
0 0.016250 0.626250 0.027500 0.626250 0.027500 0.638750 0.016250 0.638750
0 0.263750 0.620000 0.273750 0.620000 0.273750 0.635000 0.263750 0.635000
0 0.328750 0.711250 0.343750 0.711250 0.343750 0.723750 0.328750 0.723750
0 0.191250 0.623750 0.200000 0.623750 0.200000 0.638750 0.191250 0.638750
0 0.243750 0.961250 0.251250 0.961250 0.251250 0.978750 0.243750 0.978750
0 0.173750 0.945000 0.180000 0.945000 0.180000 0.958750 0.173750 0.958750
0 0.260000 0.973750 0.268750 0.973750 0.268750 0.987500 0.260000 0.987500
0 0.302500 0.946250 0.317500 0.946250 0.317500 0.957500 0.302500 0.957500
0 0.272500 0.980000 0.282500 0.980000 0.282500 0.998750 0.272500 0.998750
0 0.128750 0.952500 0.135000 0.952500 0.135000 0.967500 0.128750 0.967500
0 0.132500 0.957500 0.141250 0.957500 0.141250 0.968750 0.132500 0.968750
0 0.141250 0.958750 0.148750 0.958750 0.148750 0.975000 0.141250 0.975000
0 0.100000 0.500000 0.116250 0.500000 0.116250 0.517500 0.100000 0.517500
0 0.101250 0.513750 0.117500 0.513750 0.117500 0.527500 0.101250 0.527500
0 0.058750 0.510000 0.075000 0.510000 0.075000 0.521250 0.058750 0.521250
0 0.142500 0.512500 0.155000 0.512500 0.155000 0.527500 0.142500 0.527500
0 0.128750 0.483750 0.142500 0.483750 0.142500 0.493750 0.128750 0.493750
0 0.433750 0.411250 0.446250 0.411250 0.446250 0.425000 0.433750 0.425000
0 0.515000 0.317500 0.525000 0.317500 0.525000 0.330000 0.515000 0.330000
0 0.746250 0.075000 0.758750 0.075000 0.758750 0.087500 0.746250 0.087500
0 0.736250 0.090000 0.752500 0.090000 0.752500 0.102500 0.736250 0.102500
0 0.728750 0.101250 0.741250 0.101250 0.741250 0.113750 0.728750 0.113750
0 0.715000 0.113750 0.735000 0.113750 0.735000 0.126250 0.715000 0.126250
