0 0.706250 0.465000 0.728750 0.465000 0.728750 0.492500 0.706250 0.492500
0 0.887500 0.332500 0.906250 0.332500 0.906250 0.341250 0.887500 0.341250
0 0.931250 0.322500 0.950000 0.322500 0.950000 0.330000 0.931250 0.330000
0 0.886250 0.313750 0.906250 0.313750 0.906250 0.321250 0.886250 0.321250
0 0.828750 0.358750 0.846250 0.358750 0.846250 0.375000 0.828750 0.375000
0 0.827500 0.371250 0.843750 0.371250 0.843750 0.388750 0.827500 0.388750
0 0.825000 0.386250 0.840000 0.386250 0.840000 0.406250 0.825000 0.406250
0 0.818750 0.398750 0.837500 0.398750 0.837500 0.420000 0.818750 0.420000
0 0.805000 0.400000 0.820000 0.400000 0.820000 0.418750 0.805000 0.418750
0 0.821250 0.420000 0.837500 0.420000 0.837500 0.437500 0.821250 0.437500
0 0.866250 0.340000 0.883750 0.340000 0.883750 0.348750 0.866250 0.348750
0 0.866250 0.350000 0.885000 0.350000 0.885000 0.357500 0.866250 0.357500
0 0.865000 0.360000 0.882500 0.360000 0.882500 0.367500 0.865000 0.367500
0 0.888750 0.341250 0.903750 0.341250 0.903750 0.348750 0.888750 0.348750
0 0.885000 0.350000 0.902500 0.350000 0.902500 0.358750 0.885000 0.358750
0 0.883750 0.361250 0.905000 0.361250 0.905000 0.368750 0.883750 0.368750
0 0.931250 0.332500 0.948750 0.332500 0.948750 0.338750 0.931250 0.338750
0 0.933750 0.351250 0.951250 0.351250 0.951250 0.360000 0.933750 0.360000
0 0.935000 0.362500 0.951250 0.362500 0.951250 0.370000 0.935000 0.370000
0 0.953750 0.361250 0.973750 0.361250 0.973750 0.370000 0.953750 0.370000
0 0.932500 0.370000 0.950000 0.370000 0.950000 0.378750 0.932500 0.378750
0 0.885000 0.371250 0.902500 0.371250 0.902500 0.378750 0.885000 0.378750
0 0.866250 0.370000 0.885000 0.370000 0.885000 0.377500 0.866250 0.377500
0 0.868750 0.380000 0.885000 0.380000 0.885000 0.387500 0.868750 0.387500
0 0.933750 0.380000 0.952500 0.380000 0.952500 0.388750 0.933750 0.388750
0 0.955000 0.381250 0.972500 0.381250 0.972500 0.388750 0.955000 0.388750
0 0.953750 0.391250 0.972500 0.391250 0.972500 0.400000 0.953750 0.400000
0 0.930000 0.390000 0.950000 0.390000 0.950000 0.398750 0.930000 0.398750
0 0.883750 0.380000 0.901250 0.380000 0.901250 0.387500 0.883750 0.387500
0 0.866250 0.388750 0.885000 0.388750 0.885000 0.397500 0.866250 0.397500
0 0.885000 0.388750 0.903750 0.388750 0.903750 0.396250 0.885000 0.396250
0 0.883750 0.398750 0.903750 0.398750 0.903750 0.406250 0.883750 0.406250
0 0.886250 0.407500 0.903750 0.407500 0.903750 0.417500 0.886250 0.417500
0 0.931250 0.400000 0.950000 0.400000 0.950000 0.407500 0.931250 0.407500
0 0.930000 0.408750 0.951250 0.408750 0.951250 0.417500 0.930000 0.417500
0 0.883750 0.417500 0.898750 0.417500 0.898750 0.426250 0.883750 0.426250
0 0.932500 0.418750 0.952500 0.418750 0.952500 0.427500 0.932500 0.427500
0 0.886250 0.428750 0.903750 0.428750 0.903750 0.436250 0.886250 0.436250
0 0.933750 0.428750 0.951250 0.428750 0.951250 0.436250 0.933750 0.436250
0 0.951250 0.428750 0.968750 0.428750 0.968750 0.437500 0.951250 0.437500
0 0.865000 0.433750 0.881250 0.433750 0.881250 0.445000 0.865000 0.445000
0 0.882500 0.437500 0.907500 0.437500 0.907500 0.447500 0.882500 0.447500
0 0.863750 0.445000 0.882500 0.445000 0.882500 0.455000 0.863750 0.455000
0 0.816250 0.432500 0.835000 0.432500 0.835000 0.451250 0.816250 0.451250
0 0.812500 0.448750 0.833750 0.448750 0.833750 0.471250 0.812500 0.471250
0 0.883750 0.446250 0.902500 0.446250 0.902500 0.456250 0.883750 0.456250
0 0.886250 0.457500 0.903750 0.457500 0.903750 0.465000 0.886250 0.465000
0 0.863750 0.456250 0.883750 0.456250 0.883750 0.463750 0.863750 0.463750
0 0.890000 0.467500 0.907500 0.467500 0.907500 0.473750 0.890000 0.473750
0 0.866250 0.466250 0.883750 0.466250 0.883750 0.473750 0.866250 0.473750
0 0.886250 0.476250 0.905000 0.476250 0.905000 0.485000 0.886250 0.485000
0 0.930000 0.436250 0.948750 0.436250 0.948750 0.445000 0.930000 0.445000
0 0.952500 0.436250 0.970000 0.436250 0.970000 0.443750 0.952500 0.443750
0 0.930000 0.447500 0.950000 0.447500 0.950000 0.455000 0.930000 0.455000
0 0.951250 0.457500 0.970000 0.457500 0.970000 0.466250 0.951250 0.466250
0 0.932500 0.457500 0.946250 0.457500 0.946250 0.465000 0.932500 0.465000
0 0.932500 0.467500 0.950000 0.467500 0.950000 0.475000 0.932500 0.475000
0 0.951250 0.467500 0.970000 0.467500 0.970000 0.476250 0.951250 0.476250
0 0.950000 0.515000 0.967500 0.515000 0.967500 0.522500 0.950000 0.522500
0 0.820000 0.475000 0.833750 0.475000 0.833750 0.492500 0.820000 0.492500
0 0.813750 0.482500 0.828750 0.482500 0.828750 0.502500 0.813750 0.502500
0 0.862500 0.476250 0.882500 0.476250 0.882500 0.482500 0.862500 0.482500
0 0.886250 0.486250 0.903750 0.486250 0.903750 0.493750 0.886250 0.493750
0 0.883750 0.496250 0.900000 0.496250 0.900000 0.503750 0.883750 0.503750
0 0.932500 0.515000 0.947500 0.515000 0.947500 0.522500 0.932500 0.522500
0 0.928750 0.525000 0.947500 0.525000 0.947500 0.532500 0.928750 0.532500
0 0.948750 0.526250 0.968750 0.526250 0.968750 0.532500 0.948750 0.532500
0 0.950000 0.535000 0.971250 0.535000 0.971250 0.542500 0.950000 0.542500
0 0.928750 0.535000 0.946250 0.535000 0.946250 0.542500 0.928750 0.542500
0 0.950000 0.543750 0.967500 0.543750 0.967500 0.550000 0.950000 0.550000
0 0.930000 0.543750 0.947500 0.543750 0.947500 0.551250 0.930000 0.551250
0 0.950000 0.553750 0.970000 0.553750 0.970000 0.562500 0.950000 0.562500
0 0.948750 0.563750 0.967500 0.563750 0.967500 0.572500 0.948750 0.572500
0 0.565000 0.642500 0.582500 0.642500 0.582500 0.658750 0.565000 0.658750
0 0.557500 0.650000 0.572500 0.650000 0.572500 0.665000 0.557500 0.665000
0 0.550000 0.655000 0.565000 0.655000 0.565000 0.670000 0.550000 0.670000
0 0.540000 0.667500 0.555000 0.667500 0.555000 0.682500 0.540000 0.682500
0 0.532500 0.673750 0.551250 0.673750 0.551250 0.692500 0.532500 0.692500
0 0.523750 0.678750 0.542500 0.678750 0.542500 0.697500 0.523750 0.697500
0 0.510000 0.695000 0.526250 0.695000 0.526250 0.711250 0.510000 0.711250
0 0.508750 0.718750 0.525000 0.718750 0.525000 0.735000 0.508750 0.735000
0 0.516250 0.727500 0.531250 0.727500 0.531250 0.741250 0.516250 0.741250
0 0.523750 0.736250 0.535000 0.736250 0.535000 0.747500 0.523750 0.747500
0 0.655000 0.707500 0.670000 0.707500 0.670000 0.722500 0.655000 0.722500
0 0.633750 0.745000 0.650000 0.745000 0.650000 0.760000 0.633750 0.760000
0 0.615000 0.723750 0.627500 0.723750 0.627500 0.736250 0.615000 0.736250
0 0.671250 0.613750 0.683750 0.613750 0.683750 0.630000 0.671250 0.630000
0 0.642500 0.653750 0.658750 0.653750 0.658750 0.671250 0.642500 0.671250
0 0.741250 0.927500 0.753750 0.927500 0.753750 0.942500 0.741250 0.942500
0 0.792500 0.807500 0.802500 0.807500 0.802500 0.822500 0.792500 0.822500
0 0.805000 0.823750 0.816250 0.823750 0.816250 0.837500 0.805000 0.837500
0 0.858750 0.877500 0.873750 0.877500 0.873750 0.893750 0.858750 0.893750
0 0.852500 0.868750 0.866250 0.868750 0.866250 0.885000 0.852500 0.885000
0 0.907500 0.926250 0.922500 0.926250 0.922500 0.943750 0.907500 0.943750
0 0.770000 0.710000 0.786250 0.710000 0.786250 0.725000 0.770000 0.725000
0 0.763750 0.705000 0.780000 0.705000 0.780000 0.717500 0.763750 0.717500
0 0.753750 0.696250 0.771250 0.696250 0.771250 0.711250 0.753750 0.711250
0 0.843750 0.620000 0.861250 0.620000 0.861250 0.640000 0.843750 0.640000
0 0.803750 0.722500 0.817500 0.722500 0.817500 0.740000 0.803750 0.740000
0 0.792500 0.728750 0.810000 0.728750 0.810000 0.746250 0.792500 0.746250
0 0.827500 0.773750 0.843750 0.773750 0.843750 0.791250 0.827500 0.791250
0 0.837500 0.783750 0.848750 0.783750 0.848750 0.795000 0.837500 0.795000
0 0.841250 0.790000 0.856250 0.790000 0.856250 0.802500 0.841250 0.802500
0 0.846250 0.756250 0.863750 0.756250 0.863750 0.771250 0.846250 0.771250
0 0.855000 0.762500 0.870000 0.762500 0.870000 0.778750 0.855000 0.778750
0 0.881250 0.718750 0.895000 0.718750 0.895000 0.736250 0.881250 0.736250
0 0.890000 0.725000 0.905000 0.725000 0.905000 0.742500 0.890000 0.742500
0 0.857500 0.770000 0.877500 0.770000 0.877500 0.787500 0.857500 0.787500
0 0.867500 0.777500 0.881250 0.777500 0.881250 0.795000 0.867500 0.795000
0 0.896250 0.736250 0.913750 0.736250 0.913750 0.748750 0.896250 0.748750
0 0.902500 0.743750 0.917500 0.743750 0.917500 0.757500 0.902500 0.757500
0 0.917500 0.757500 0.930000 0.757500 0.930000 0.771250 0.917500 0.771250
0 0.936250 0.776250 0.951250 0.776250 0.951250 0.790000 0.936250 0.790000
0 0.966250 0.805000 0.978750 0.805000 0.978750 0.817500 0.966250 0.817500
0 0.908750 0.818750 0.922500 0.818750 0.922500 0.832500 0.908750 0.832500
0 0.925000 0.831250 0.936250 0.831250 0.936250 0.845000 0.925000 0.845000
0 0.961250 0.873750 0.976250 0.873750 0.976250 0.888750 0.961250 0.888750
0 0.890000 0.835000 0.905000 0.835000 0.905000 0.851250 0.890000 0.851250
0 0.871250 0.816250 0.885000 0.816250 0.885000 0.830000 0.871250 0.830000
0 0.862500 0.808750 0.876250 0.808750 0.876250 0.822500 0.862500 0.822500
0 0.850000 0.796250 0.863750 0.796250 0.863750 0.808750 0.850000 0.808750
0 0.856250 0.803750 0.872500 0.803750 0.872500 0.816250 0.856250 0.816250
0 0.875000 0.823750 0.890000 0.823750 0.890000 0.837500 0.875000 0.837500
0 0.882500 0.828750 0.898750 0.828750 0.898750 0.845000 0.882500 0.845000
0 0.880000 0.790000 0.897500 0.790000 0.897500 0.807500 0.880000 0.807500
0 0.873750 0.786250 0.888750 0.786250 0.888750 0.798750 0.873750 0.798750
