0 0.031250 0.147500 0.048750 0.147500 0.048750 0.155000 0.031250 0.155000
0 0.031250 0.137500 0.048750 0.137500 0.048750 0.145000 0.031250 0.145000
0 0.030000 0.130000 0.048750 0.130000 0.048750 0.137500 0.030000 0.137500
0 0.030000 0.122500 0.050000 0.122500 0.050000 0.130000 0.030000 0.130000
0 0.030000 0.112500 0.048750 0.112500 0.048750 0.121250 0.030000 0.121250
0 0.030000 0.105000 0.048750 0.105000 0.048750 0.111250 0.030000 0.111250
0 0.031250 0.097500 0.048750 0.097500 0.048750 0.105000 0.031250 0.105000
0 0.030000 0.088750 0.047500 0.088750 0.047500 0.096250 0.030000 0.096250
0 0.030000 0.080000 0.047500 0.080000 0.047500 0.087500 0.030000 0.087500
0 0.030000 0.072500 0.048750 0.072500 0.048750 0.080000 0.030000 0.080000
0 0.030000 0.065000 0.048750 0.065000 0.048750 0.072500 0.030000 0.072500
0 0.028750 0.056250 0.048750 0.056250 0.048750 0.065000 0.028750 0.065000
0 0.030000 0.048750 0.047500 0.048750 0.047500 0.056250 0.030000 0.056250
0 0.031250 0.038750 0.047500 0.038750 0.047500 0.046250 0.031250 0.046250
0 0.025000 0.027500 0.046250 0.027500 0.046250 0.036250 0.025000 0.036250
0 0.028750 0.017500 0.048750 0.017500 0.048750 0.026250 0.028750 0.026250
0 0.030000 0.006250 0.048750 0.006250 0.048750 0.013750 0.030000 0.013750
0 0.000000 0.138750 0.013750 0.138750 0.013750 0.146250 0.000000 0.146250
0 0.000000 0.131250 0.013750 0.131250 0.013750 0.137500 0.000000 0.137500
0 0.000000 0.123750 0.013750 0.123750 0.013750 0.130000 0.000000 0.130000
0 0.000000 0.106250 0.012500 0.106250 0.012500 0.112500 0.000000 0.112500
0 0.000000 0.098750 0.012500 0.098750 0.012500 0.105000 0.000000 0.105000
0 0.000000 0.088750 0.016250 0.088750 0.016250 0.096250 0.000000 0.096250
0 0.000000 0.081250 0.015000 0.081250 0.015000 0.087500 0.000000 0.087500
0 0.000000 0.073750 0.015000 0.073750 0.015000 0.081250 0.000000 0.081250
0 0.000000 0.065000 0.013750 0.065000 0.013750 0.071250 0.000000 0.071250
0 0.000000 0.055000 0.012500 0.055000 0.012500 0.062500 0.000000 0.062500
0 0.000000 0.047500 0.011250 0.047500 0.011250 0.055000 0.000000 0.055000
0 0.000000 0.040000 0.012500 0.040000 0.012500 0.046250 0.000000 0.046250
0 0.000000 0.031250 0.011250 0.031250 0.011250 0.038750 0.000000 0.038750
0 0.056250 0.042500 0.063750 0.042500 0.063750 0.061250 0.056250 0.061250
0 0.053750 0.022500 0.061250 0.022500 0.061250 0.037500 0.053750 0.037500
0 0.063750 0.021250 0.071250 0.021250 0.071250 0.040000 0.063750 0.040000
0 0.080000 0.041250 0.090000 0.041250 0.090000 0.061250 0.080000 0.061250
0 0.080000 0.023750 0.087500 0.023750 0.087500 0.037500 0.080000 0.037500
0 0.091250 0.025000 0.097500 0.025000 0.097500 0.038750 0.091250 0.038750
0 0.100000 0.022500 0.107500 0.022500 0.107500 0.038750 0.100000 0.038750
0 0.108750 0.042500 0.117500 0.042500 0.117500 0.060000 0.108750 0.060000
0 0.118750 0.045000 0.126250 0.045000 0.126250 0.058750 0.118750 0.058750
0 0.117500 0.020000 0.127500 0.020000 0.127500 0.038750 0.117500 0.038750
0 0.131250 0.021250 0.138750 0.021250 0.138750 0.035000 0.131250 0.035000
0 0.140000 0.023750 0.146250 0.023750 0.146250 0.037500 0.140000 0.037500
0 0.137500 0.041250 0.146250 0.041250 0.146250 0.058750 0.137500 0.058750
0 0.176250 0.088750 0.185000 0.088750 0.185000 0.105000 0.176250 0.105000
0 0.238750 0.128750 0.246250 0.128750 0.246250 0.143750 0.238750 0.143750
0 0.228750 0.127500 0.236250 0.127500 0.236250 0.141250 0.228750 0.141250
0 0.213750 0.127500 0.221250 0.127500 0.221250 0.142500 0.213750 0.142500
0 0.205000 0.127500 0.212500 0.127500 0.212500 0.142500 0.205000 0.142500
0 0.196250 0.128750 0.203750 0.128750 0.203750 0.145000 0.196250 0.145000
0 0.187500 0.127500 0.196250 0.127500 0.196250 0.143750 0.187500 0.143750
0 0.205000 0.091250 0.212500 0.091250 0.212500 0.105000 0.205000 0.105000
0 0.213750 0.095000 0.222500 0.095000 0.222500 0.111250 0.213750 0.111250
0 0.223750 0.092500 0.231250 0.092500 0.231250 0.108750 0.223750 0.108750
0 0.232500 0.090000 0.240000 0.090000 0.240000 0.106250 0.232500 0.106250
0 0.240000 0.088750 0.247500 0.088750 0.247500 0.105000 0.240000 0.105000
0 0.210000 0.050000 0.225000 0.050000 0.225000 0.061250 0.210000 0.061250
0 0.161250 0.058750 0.181250 0.058750 0.181250 0.071250 0.161250 0.071250
0 0.162500 0.050000 0.181250 0.050000 0.181250 0.061250 0.162500 0.061250
0 0.161250 0.038750 0.182500 0.038750 0.182500 0.055000 0.161250 0.055000
0 0.165000 0.031250 0.182500 0.031250 0.182500 0.043750 0.165000 0.043750
0 0.165000 0.021250 0.182500 0.021250 0.182500 0.035000 0.165000 0.035000
0 0.163750 0.008750 0.181250 0.008750 0.181250 0.021250 0.163750 0.021250
0 0.165000 0.000000 0.180000 0.000000 0.180000 0.012500 0.165000 0.012500
0 0.193750 0.048750 0.210000 0.048750 0.210000 0.060000 0.193750 0.060000
0 0.210000 0.041250 0.226250 0.041250 0.226250 0.050000 0.210000 0.050000
0 0.197500 0.038750 0.210000 0.038750 0.210000 0.048750 0.197500 0.048750
0 0.210000 0.030000 0.226250 0.030000 0.226250 0.040000 0.210000 0.040000
0 0.197500 0.027500 0.212500 0.027500 0.212500 0.037500 0.197500 0.037500
0 0.215000 0.021250 0.231250 0.021250 0.231250 0.030000 0.215000 0.030000
0 0.211250 0.012500 0.227500 0.012500 0.227500 0.022500 0.211250 0.022500
0 0.211250 0.003750 0.226250 0.003750 0.226250 0.013750 0.211250 0.013750
0 0.196250 0.013750 0.210000 0.013750 0.210000 0.025000 0.196250 0.025000
0 0.190000 0.002500 0.208750 0.002500 0.208750 0.013750 0.190000 0.013750
0 0.155000 0.088750 0.162500 0.088750 0.162500 0.102500 0.155000 0.102500
0 0.353750 0.198750 0.373750 0.198750 0.373750 0.211250 0.353750 0.211250
0 0.350000 0.226250 0.372500 0.226250 0.372500 0.242500 0.350000 0.242500
0 0.355000 0.260000 0.371250 0.260000 0.371250 0.273750 0.355000 0.273750
0 0.353750 0.272500 0.371250 0.272500 0.371250 0.283750 0.353750 0.283750
0 0.395000 0.198750 0.415000 0.198750 0.415000 0.211250 0.395000 0.211250
0 0.396250 0.217500 0.413750 0.217500 0.413750 0.230000 0.396250 0.230000
0 0.398750 0.228750 0.417500 0.228750 0.417500 0.241250 0.398750 0.241250
0 0.403750 0.283750 0.422500 0.283750 0.422500 0.295000 0.403750 0.295000
0 0.450000 0.320000 0.460000 0.320000 0.460000 0.340000 0.450000 0.340000
0 0.337500 0.295000 0.356250 0.295000 0.356250 0.303750 0.337500 0.303750
0 0.298750 0.320000 0.310000 0.320000 0.310000 0.348750 0.298750 0.348750
0 0.310000 0.321250 0.322500 0.321250 0.322500 0.350000 0.310000 0.350000
0 0.345000 0.312500 0.355000 0.312500 0.355000 0.342500 0.345000 0.342500
0 0.612500 0.476250 0.631250 0.476250 0.631250 0.490000 0.612500 0.490000
0 0.700000 0.376250 0.708750 0.376250 0.708750 0.393750 0.700000 0.393750
0 0.525000 0.647500 0.533750 0.647500 0.533750 0.661250 0.525000 0.661250
0 0.453750 0.703750 0.465000 0.703750 0.465000 0.720000 0.453750 0.720000
0 0.703750 0.711250 0.713750 0.711250 0.713750 0.732500 0.703750 0.732500
0 0.691250 0.715000 0.701250 0.715000 0.701250 0.733750 0.691250 0.733750
0 0.715000 0.712500 0.726250 0.712500 0.726250 0.728750 0.715000 0.728750
0 0.607500 0.721250 0.617500 0.721250 0.617500 0.737500 0.607500 0.737500
0 0.633750 0.712500 0.643750 0.712500 0.643750 0.733750 0.633750 0.733750
0 0.643750 0.717500 0.656250 0.717500 0.656250 0.746250 0.643750 0.746250
0 0.655000 0.716250 0.668750 0.716250 0.668750 0.745000 0.655000 0.745000
0 0.973750 0.337500 0.983750 0.337500 0.983750 0.355000 0.973750 0.355000
0 0.907500 0.392500 0.926250 0.392500 0.926250 0.400000 0.907500 0.400000
0 0.908750 0.402500 0.927500 0.402500 0.927500 0.410000 0.908750 0.410000
0 0.905000 0.412500 0.923750 0.412500 0.923750 0.421250 0.905000 0.421250
0 0.903750 0.425000 0.923750 0.425000 0.923750 0.436250 0.903750 0.436250
0 0.398750 0.311250 0.416250 0.311250 0.416250 0.322500 0.398750 0.322500
0 0.108750 0.087500 0.122500 0.087500 0.122500 0.116250 0.108750 0.116250
0 0.912500 0.318750 0.920000 0.318750 0.920000 0.331250 0.912500 0.331250
0 0.671250 0.341250 0.697500 0.341250 0.697500 0.351250 0.671250 0.351250
