0 0.340000 0.978750 0.353750 0.978750 0.353750 0.987500 0.340000 0.987500
0 0.315000 0.968750 0.328750 0.968750 0.328750 0.976250 0.315000 0.976250
0 0.313750 0.975000 0.332500 0.975000 0.332500 0.986250 0.313750 0.986250
0 0.305000 0.981250 0.320000 0.981250 0.320000 0.991250 0.305000 0.991250
0 0.293750 0.957500 0.306250 0.957500 0.306250 0.968750 0.293750 0.968750
0 0.291250 0.963750 0.302500 0.963750 0.302500 0.973750 0.291250 0.973750
0 0.281250 0.972500 0.298750 0.972500 0.298750 0.982500 0.281250 0.982500
0 0.313750 0.942500 0.328750 0.942500 0.328750 0.955000 0.313750 0.955000
0 0.380000 0.973750 0.395000 0.973750 0.395000 0.985000 0.380000 0.985000
0 0.340000 0.986250 0.357500 0.986250 0.357500 0.998750 0.340000 0.998750
0 0.261250 0.945000 0.276250 0.945000 0.276250 0.955000 0.261250 0.955000
0 0.260000 0.952500 0.275000 0.952500 0.275000 0.961250 0.260000 0.961250
0 0.220000 0.928750 0.236250 0.928750 0.236250 0.940000 0.220000 0.940000
0 0.226250 0.940000 0.240000 0.940000 0.240000 0.950000 0.226250 0.950000
0 0.182500 0.925000 0.197500 0.925000 0.197500 0.933750 0.182500 0.933750
0 0.190000 0.938750 0.206250 0.938750 0.206250 0.946250 0.190000 0.946250
0 0.161250 0.932500 0.177500 0.932500 0.177500 0.940000 0.161250 0.940000
0 0.168750 0.895000 0.180000 0.895000 0.180000 0.905000 0.168750 0.905000
0 0.191250 0.837500 0.200000 0.837500 0.200000 0.851250 0.191250 0.851250
0 0.182500 0.851250 0.190000 0.851250 0.190000 0.866250 0.182500 0.866250
0 0.183750 0.733750 0.191250 0.733750 0.191250 0.746250 0.183750 0.746250
0 0.172500 0.716250 0.178750 0.716250 0.178750 0.728750 0.172500 0.728750
0 0.178750 0.813750 0.185000 0.813750 0.185000 0.826250 0.178750 0.826250
0 0.117500 0.902500 0.131250 0.902500 0.131250 0.908750 0.117500 0.908750
0 0.112500 0.910000 0.126250 0.910000 0.126250 0.916250 0.112500 0.916250
0 0.096250 0.903750 0.108750 0.903750 0.108750 0.908750 0.096250 0.908750
0 0.092500 0.913750 0.105000 0.913750 0.105000 0.918750 0.092500 0.918750
0 0.065000 0.915000 0.081250 0.915000 0.081250 0.920000 0.065000 0.920000
0 0.108750 0.825000 0.125000 0.825000 0.125000 0.835000 0.108750 0.835000
0 0.108750 0.815000 0.125000 0.815000 0.125000 0.823750 0.108750 0.823750
0 0.108750 0.808750 0.125000 0.808750 0.125000 0.815000 0.108750 0.815000
0 0.111250 0.802500 0.123750 0.802500 0.123750 0.808750 0.111250 0.808750
0 0.108750 0.796250 0.123750 0.796250 0.123750 0.802500 0.108750 0.802500
0 0.106250 0.790000 0.125000 0.790000 0.125000 0.796250 0.106250 0.796250
0 0.111250 0.785000 0.123750 0.785000 0.123750 0.791250 0.111250 0.791250
0 0.092500 0.830000 0.106250 0.830000 0.106250 0.835000 0.092500 0.835000
0 0.090000 0.823750 0.106250 0.823750 0.106250 0.830000 0.090000 0.830000
0 0.088750 0.817500 0.105000 0.817500 0.105000 0.821250 0.088750 0.821250
0 0.092500 0.811250 0.105000 0.811250 0.105000 0.817500 0.092500 0.817500
0 0.090000 0.805000 0.106250 0.805000 0.106250 0.811250 0.090000 0.811250
0 0.090000 0.797500 0.105000 0.797500 0.105000 0.802500 0.090000 0.802500
0 0.088750 0.791250 0.105000 0.791250 0.105000 0.796250 0.088750 0.796250
0 0.086250 0.785000 0.105000 0.785000 0.105000 0.790000 0.086250 0.790000
0 0.075000 0.830000 0.088750 0.830000 0.088750 0.835000 0.075000 0.835000
0 0.076250 0.823750 0.088750 0.823750 0.088750 0.830000 0.076250 0.830000
0 0.075000 0.817500 0.087500 0.817500 0.087500 0.821250 0.075000 0.821250
0 0.075000 0.811250 0.087500 0.811250 0.087500 0.817500 0.075000 0.817500
0 0.072500 0.805000 0.088750 0.805000 0.088750 0.811250 0.072500 0.811250
0 0.072500 0.797500 0.088750 0.797500 0.088750 0.805000 0.072500 0.805000
0 0.072500 0.791250 0.087500 0.791250 0.087500 0.796250 0.072500 0.796250
0 0.071250 0.785000 0.083750 0.785000 0.083750 0.790000 0.071250 0.790000
0 0.057500 0.825000 0.071250 0.825000 0.071250 0.836250 0.057500 0.836250
0 0.058750 0.817500 0.071250 0.817500 0.071250 0.826250 0.058750 0.826250
0 0.057500 0.808750 0.070000 0.808750 0.070000 0.817500 0.057500 0.817500
0 0.057500 0.801250 0.068750 0.801250 0.068750 0.808750 0.057500 0.808750
0 0.053750 0.793750 0.068750 0.793750 0.068750 0.800000 0.053750 0.800000
0 0.053750 0.787500 0.068750 0.787500 0.068750 0.791250 0.053750 0.791250
0 0.047500 0.807500 0.053750 0.807500 0.053750 0.820000 0.047500 0.820000
0 0.048750 0.823750 0.055000 0.823750 0.055000 0.837500 0.048750 0.837500
0 0.036250 0.793750 0.045000 0.793750 0.045000 0.806250 0.036250 0.806250
0 0.038750 0.807500 0.046250 0.807500 0.046250 0.820000 0.038750 0.820000
0 0.040000 0.821250 0.047500 0.821250 0.047500 0.836250 0.040000 0.836250
0 0.028750 0.793750 0.036250 0.793750 0.036250 0.807500 0.028750 0.807500
0 0.030000 0.807500 0.038750 0.807500 0.038750 0.820000 0.030000 0.820000
0 0.012500 0.795000 0.025000 0.795000 0.025000 0.802500 0.012500 0.802500
0 0.010000 0.805000 0.027500 0.805000 0.027500 0.811250 0.010000 0.811250
0 0.015000 0.652500 0.028750 0.652500 0.028750 0.658750 0.015000 0.658750
0 0.088750 0.653750 0.102500 0.653750 0.102500 0.658750 0.088750 0.658750
0 0.087500 0.647500 0.102500 0.647500 0.102500 0.653750 0.087500 0.653750
0 0.251250 0.707500 0.268750 0.707500 0.268750 0.715000 0.251250 0.715000
0 0.252500 0.695000 0.267500 0.695000 0.267500 0.701250 0.252500 0.701250
0 0.267500 0.687500 0.285000 0.687500 0.285000 0.693750 0.267500 0.693750
0 0.250000 0.681250 0.268750 0.681250 0.268750 0.687500 0.250000 0.687500
0 0.246250 0.673750 0.263750 0.673750 0.263750 0.680000 0.246250 0.680000
0 0.263750 0.673750 0.281250 0.673750 0.281250 0.680000 0.263750 0.680000
0 0.250000 0.662500 0.262500 0.662500 0.262500 0.668750 0.250000 0.668750
0 0.270000 0.661250 0.276250 0.661250 0.276250 0.670000 0.270000 0.670000
0 0.166250 0.646250 0.172500 0.646250 0.172500 0.657500 0.166250 0.657500
0 0.206250 0.641250 0.221250 0.641250 0.221250 0.650000 0.206250 0.650000
0 0.206250 0.628750 0.221250 0.628750 0.221250 0.635000 0.206250 0.635000
0 0.200000 0.590000 0.216250 0.590000 0.216250 0.596250 0.200000 0.596250
0 0.240000 0.602500 0.256250 0.602500 0.256250 0.608750 0.240000 0.608750
0 0.243750 0.616250 0.257500 0.616250 0.257500 0.622500 0.243750 0.622500
0 0.243750 0.622500 0.262500 0.622500 0.262500 0.631250 0.243750 0.631250
0 0.243750 0.631250 0.260000 0.631250 0.260000 0.635000 0.243750 0.635000
0 0.243750 0.643750 0.261250 0.643750 0.261250 0.650000 0.243750 0.650000
0 0.196250 0.533750 0.212500 0.533750 0.212500 0.540000 0.196250 0.540000
0 0.188750 0.521250 0.207500 0.521250 0.207500 0.527500 0.188750 0.527500
0 0.231250 0.520000 0.246250 0.520000 0.246250 0.526250 0.231250 0.526250
0 0.227500 0.512500 0.243750 0.512500 0.243750 0.518750 0.227500 0.518750
0 0.226250 0.506250 0.243750 0.506250 0.243750 0.512500 0.226250 0.512500
0 0.226250 0.500000 0.242500 0.500000 0.242500 0.503750 0.226250 0.503750
0 0.222500 0.493750 0.238750 0.493750 0.238750 0.497500 0.222500 0.497500
0 0.222500 0.487500 0.237500 0.487500 0.237500 0.493750 0.222500 0.493750
0 0.222500 0.472500 0.237500 0.472500 0.237500 0.478750 0.222500 0.478750
0 0.221250 0.458750 0.237500 0.458750 0.237500 0.465000 0.221250 0.465000
0 0.257500 0.503750 0.272500 0.503750 0.272500 0.510000 0.257500 0.510000
0 0.183750 0.460000 0.200000 0.460000 0.200000 0.465000 0.183750 0.465000
0 0.002500 0.455000 0.021250 0.455000 0.021250 0.463750 0.002500 0.463750
0 0.155000 0.412500 0.162500 0.412500 0.162500 0.425000 0.155000 0.425000
0 0.142500 0.396250 0.148750 0.396250 0.148750 0.407500 0.142500 0.407500
0 0.233750 0.353750 0.246250 0.353750 0.246250 0.360000 0.233750 0.360000
0 0.233750 0.346250 0.245000 0.346250 0.245000 0.352500 0.233750 0.352500
0 0.232500 0.340000 0.250000 0.340000 0.250000 0.346250 0.232500 0.346250
0 0.232500 0.332500 0.246250 0.332500 0.246250 0.338750 0.232500 0.338750
0 0.231250 0.323750 0.245000 0.323750 0.245000 0.330000 0.231250 0.330000
0 0.230000 0.310000 0.243750 0.310000 0.243750 0.316250 0.230000 0.316250
0 0.123750 0.188750 0.132500 0.188750 0.132500 0.203750 0.123750 0.203750
0 0.202500 0.200000 0.220000 0.200000 0.220000 0.207500 0.202500 0.207500
0 0.120000 0.126250 0.126250 0.126250 0.126250 0.137500 0.120000 0.137500
0 0.390000 0.212500 0.405000 0.212500 0.405000 0.220000 0.390000 0.220000
0 0.471250 0.105000 0.477500 0.105000 0.477500 0.117500 0.471250 0.117500
0 0.581250 0.180000 0.597500 0.180000 0.597500 0.186250 0.581250 0.186250
0 0.806250 0.076250 0.813750 0.076250 0.813750 0.087500 0.806250 0.087500
0 0.788750 0.003750 0.795000 0.003750 0.795000 0.015000 0.788750 0.015000
0 0.407500 0.010000 0.425000 0.010000 0.425000 0.016250 0.407500 0.016250
0 0.380000 0.022500 0.395000 0.022500 0.395000 0.028750 0.380000 0.028750
0 0.362500 0.023750 0.377500 0.023750 0.377500 0.030000 0.362500 0.030000
0 0.965000 0.758750 0.972500 0.758750 0.972500 0.771250 0.965000 0.771250
0 0.290000 0.321250 0.303750 0.321250 0.303750 0.328750 0.290000 0.328750
0 0.252500 0.273750 0.261250 0.273750 0.261250 0.285000 0.252500 0.285000
0 0.216250 0.381250 0.230000 0.381250 0.230000 0.388750 0.216250 0.388750
0 0.210000 0.326250 0.227500 0.326250 0.227500 0.332500 0.210000 0.332500
0 0.240000 0.590000 0.256250 0.590000 0.256250 0.596250 0.240000 0.596250
