1 0.672500 0.878750 0.987500 0.878750 0.987500 0.906250 0.672500 0.906250
1 0.796250 0.776250 0.993750 0.776250 0.993750 0.836250 0.796250 0.836250
1 0.811250 0.700000 0.992500 0.700000 0.992500 0.725000 0.811250 0.725000
1 0.813750 0.587500 0.990000 0.587500 0.990000 0.623750 0.813750 0.623750
1 0.840000 0.462500 0.987500 0.462500 0.987500 0.547500 0.840000 0.547500
1 0.838750 0.353750 0.998750 0.353750 0.998750 0.411250 0.838750 0.411250
1 0.112500 0.838750 0.251250 0.838750 0.251250 0.921250 0.112500 0.921250
1 0.005000 0.616250 0.201250 0.616250 0.201250 0.678750 0.005000 0.678750
1 0.000000 0.693750 0.177500 0.693750 0.177500 0.776250 0.000000 0.776250
1 0.005000 0.482500 0.150000 0.482500 0.150000 0.570000 0.005000 0.570000
1 0.010000 0.375000 0.130000 0.375000 0.130000 0.437500 0.010000 0.437500
1 0.047500 0.216250 0.195000 0.216250 0.195000 0.345000 0.047500 0.345000
1 0.213750 0.146250 0.341250 0.146250 0.341250 0.302500 0.213750 0.302500
1 0.373750 0.130000 0.458750 0.130000 0.458750 0.297500 0.373750 0.297500
1 0.488750 0.126250 0.565000 0.126250 0.565000 0.290000 0.488750 0.290000
1 0.592500 0.123750 0.675000 0.123750 0.675000 0.285000 0.592500 0.285000
1 0.696250 0.133750 0.775000 0.133750 0.775000 0.280000 0.696250 0.280000
1 0.808750 0.117500 0.868750 0.117500 0.868750 0.248750 0.808750 0.248750
1 0.881250 0.158750 0.962500 0.158750 0.962500 0.248750 0.881250 0.248750
1 0.863750 0.261250 0.988750 0.261250 0.988750 0.336250 0.863750 0.336250
